966667
966668
966669
966670
966671
966672
966673
966674
966700
966701
966702
966703
966706
966707
966708
966709
966710
966711
966712
966713
966714
966715
966716
966717
966776
966777
966778
966779
966780
966781
966782
966783
966784
966785
966786
966787
966788
966789
966790
966791
966805
966806
966807
966808
967885
967886
967887
967888
967889
967890
967891
967892
967893
967894
967895
967896
967897
967898
967899
967900
967924
967925
967926
967927
967928
967929
967930
967931
967932
967933
967934
967935
967936
967937
967938
967939
967940
967941
967942
967943
967944
967945
967946
967947
967948
967949
967950
967951
968051
968052
968053
968054
968056
968057
968058
968059
968060
968061
968062
968063
968885
968886
968887
968888
968889
968890
968891
968892
968893
968894
968895
968896
968901
968902
968903
968904
969054
969055
969056
969061
969062
969063
969064
969065
969066
969067
969068
969069
969070
969071
969072
969073
969074
969075
969076
969077
969078
969079
969080
969081
969082
969083
969084
969085
969087
969270
969271
969272
969273
969274
969275
969276
969277
969278
969283
969284
969285
969286
970061
970062
970063
970064
970065
970066
970067
970068
970069
970070
970071
970072
970118
970119
970120
970121
970122
970123
970124
970125
970126
970127
970128
970129
970130
970131
970132
970136
970137
970138
970139
970140
970141
970142
970143
970144
970198
970199
970200
970201
970202
970203
970204
970205
970206
970207
970208
970209
970409
970410
970411
970412
970413
970414
970451
970452
970453
971363
971364
971365
971366
971367
971368
971369
971370
971393
971394
971395
971396
971397
971398
971399
971400
971410
971411
971428
971429
971446
971447
971453
971454
971464
971465
971466
971467
971483
971484
971485
971486
971495
971496
971497
971498
971499
971500
972147
972148
972149
972150
972151
972152
972178
972179
972180
972181
972182
972183
972580
972581
972582
972583
972584
972585
972586
972587
972588
972589
972590
972591
972592
972593
972594
972595
972596
972597
972598
972599
972600
972601
972604
972605
972606
972607
972608
972609
972646
972647
972648
972649
972650
972651
972652
972653
972654
973525
973526
973527
973528
973529
973530
973531
973532
973533
973534
973535
973536
973537
973538
973539
973540
973541
973542
973543
973544
973545
973546
973547
973548
973549
973550
973583
973584
973585
973586
973587
973588
973634
973635
973636
973637
973638
973639
973640
973641
973642
973643
974250
974251
974252
974253
974254
974255
974256
974257
974258
974259
974260
974261
974262
974263
974264
974265
974266
974267
974268
974269
974270
974271
974272
974273
974274
974275
974311
974312
974313
974314
974315
974316
974370
974371
974372
974373
974374
974375
974376
974377
974378
974379
974915
974916
974917
974918
974927
974928
974929
974930
974932
975625
975626
975627
975656
975657
975658
975659
975660
975661
975662
975663
975703
975704
975705
975706
975707
975708
975709
975710
975711
975712
975713
975714
975715
975716
975717
975718
975719
975720
975721
975722
975723
975724
975725
975726
975727
975728
975729
975730
975731
975732
975733
975734
975751
975752
975753
975754
975755
975756
975757
975758
975759
975760
975761
975762
975764
975765
975766
975767
975768
975769
975770
975771
975772
975773
975774
975775
975776
975777
975778
975779
975780
975781
975803
975804
975805
975806
975807
975808
975809
975810
975811
975812
975813
975814
975815
975944
975945
975950
975951
976446
976447
976448
976449
976466
976467
976468
976469
976470
976471
976472
976473
976474
976475
976476
976477
976478
976479
976480
976481
976512
976513
976514
976515
976516
976517
976518
976519
976520
976521
976522
976523
976524
976525
976526
976527
976528
976529
976530
976531
976532
976533
976534
976535
976536
976537
976538
976539
976540
976541
976542
976543
976548
976549
976550
976551
976566
976567
976568
976569
976570
976571
976572
976573
976592
976593
976594
976595
976596
976597
976598
976599
976600
976601
976602
976603
976604
976605
976606
976607
976608
976609
976610
976611
976612
976613
976614
976615
976616
976617
976618
976619
976620
976621
976622
976623
976624
976625
976721
976722
976723
976724
976725
976726
976727
976728
976729
976730
976731
976732
976733
976734
976735
976736
976737
976738
976739
976740
976741
976742
976743
976744
976773
976774
976775
976776
976777
976778
976939
976940
976941
976942
976943
976944
976945
976946
978080
978081
978082
978083
978084
978085
978086
978087
978118
978119
978120
978121
978122
978123
978124
978125
978126
978127
978128
978129
978130
978131
978132
978133
978165
978166
978167
978168
978169
978170
978171
978172
978173
978174
978175
978176
978177
978178
978179
978180
978181
978182
978183
978184
978185
978186
978187
978188
978189
978190
978191
978192
978193
978194
978195
978196
978197
978198
978199
978200
978201
978202
978203
978204
978205
978206
978207
978208
978209
978210
978254
978255
978256
978257
978288
978289
978290
978291
978295
978296
978297
978298
978357
978358
978359
978360
978361
978362
978363
978364
978408
978409
978410
978411
978412
978413
978414
978415
978416
978417
978418
978419
978420
978421
978422
978423
978424
978425
978426
978427
978429
978431
978433
978435
978446
978447
