966667
966668
966669
966670
966671
966672
966673
966674
967885
967886
967887
967888
967924
967925
967926
967927
968058
968059
968885
968886
968887
968888
969061
969062
969063
969064
969283
969284
969285
969286
970061
970062
970063
970127
970128
970129
970198
970199
970200
970421
970422
970423
970425
970427
971363
971364
971395
971396
971410
971411
971495
971496
971516
971517
971518
971519
972586
972587
972588
972589
972652
972653
972654
973531
973532
973533
973534
973547
973548
973549
973550
973640
973641
973642
973643
974256
974257
974258
974259
974272
974273
974274
974275
974376
974377
974378
974379
974915
974916
974917
974918
974927
974928
974929
974930
974932
975625
975626
975627
975658
975659
975660
975661
975662
975663
975705
975708
975709
975710
975711
975712
975713
975714
975715
975716
975717
975718
975719
975720
975721
975724
975727
975728
975729
975730
975731
975734
975751
975752
975753
975754
975755
975756
975757
975758
975759
975760
975761
975762
975764
975765
975766
975767
975770
975771
975772
975773
975776
975777
975780
975781
975812
975950
975951
976446
976447
976448
976449
976468
976469
976472
976473
976476
976477
976478
976479
976480
976481
976512
976513
976514
976515
976516
976517
976518
976519
976520
976521
976522
976523
976524
976525
976526
976527
976528
976529
976530
976531
976534
976535
976538
976539
976540
976541
976542
976543
976548
976549
976550
976551
976566
976567
976568
976569
976572
976573
976592
976593
976594
976595
976606
976607
976610
976611
976612
976613
976616
976617
976618
976619
976620
976621
976622
976623
976624
976625
976721
976722
976723
976724
976725
976726
976727
976728
976729
976730
976731
976732
976735
976736
976737
976738
976739
976740
976743
976744
976773
976774
976775
976776
976777
976778
976939
976940
976941
976942
976943
976944
976945
976946
978080
978081
978082
978083
978084
978085
978086
978087
978120
978121
978124
978125
978128
978129
978130
978131
978132
978133
978165
978166
978167
978168
978169
978170
978171
978172
978173
978174
978175
978176
978177
978178
978179
978180
978181
978182
978183
978184
978187
978188
978189
978190
978191
978192
978193
978194
978199
978200
978201
978202
978203
978204
978205
978206
978207
978208
978209
978210
978256
978257
978288
978289
978290
978291
978297
978298
978357
978358
978359
978360
978361
978362
978363
978364
978408
978409
978410
978411
978412
978413
978414
978415
978416
978417
978418
978419
978422
978423
978424
978425
978426
978427
978429
978431
978433
978435
979101
979102
979103
979104
979115
979116
979117
979118
979119
979120
979121
979122
979123
979124
979125
979126
979157
979158
979159
979160
979161
979162
979163
979164
979167
979168
979169
979170
979171
979172
979177
979178
979179
979180
979220
979221
979222
979223
979224
979225
979226
979227
979228
979229
979230
979231
979232
979233
979234
979235
979236
979237
979238
979239
979240
979241
979244
979245
979248
979249
979250
979251
979268
979269
979270
979271
979284
979285
979286
979287
979294
979295
979298
979299
979308
979309
979310
979311
979312
979313
979314
979315
979316
979317
979318
979319
979320
979321
979322
979323
979324
979325
979337
979338
979368
979369
979372
979373
979374
979375
979460
979461
979462
979463
979464
979465
979468
979469
979470
979471
979472
979473
979534
980245
980246
980247
980248
980255
980256
980257
980258
980259
980260
980261
980262
980263
980264
980265
980268
980269
980272
980273
980274
980275
980276
980279
980280
980281
980282
980315
980316
980317
980318
980319
980320
980321
980322
980323
980324
980327
980328
980331
980332
980333
980334
980335
980336
980337
980338
980339
980340
980383
980384
980385
980386
980387
980388
980393
980394
980395
980396
980411
980414
980415
980416
980417
980426
980427
980428
980429
980430
980431
980432
980433
980434
980435
980436
980437
980438
980439
980440
980457
980484
980487
980488
980489
980490
980491
980492
980493
980494
980495
980496
980497
980498
980499
980593
980594
980595
980596
980599
980600
980601
980602
980603
980604
980605
980606
980607
980608
980609
980610
980611
980612
980613
980614
980615
980616
980617
980618
980619
980620
980621
980622
980623
980627
980628
980629
980630
981379
981380
981381
981382
981389
981390
981391
981392
981393
981394
981395
981396
981397
981398
981399
981400
981401
981402
981403
981404
981405
981406
981407
981408
981409
981410
981411
981412
981415
981416
981417
981418
981421
981422
981423
981424
981427
981428
981429
981430
981431
981432
981433
981434
981488
981489
981490
981491
981492
981493
981494
981495
981496
981497
981498
981499
981500
981501
981504
981505
981506
981507
981508
981509
981510
981513
981514
981515
981516
981517
981546
981547
981548
981549
981550
981551
981572
981573
981574
981583
981584
981585
981586
981587
981588
981589
981590
981591
981592
981593
981594
981595
981596
981597
981598
981599
981600
981601
981618
981619
981634
981635
981636
981652
981653
981656
981657
981658
981659
981660
981661
981662
981663
981775
981776
981777
981778
981779
981780
981781
981782
981783
981784
981785
981790
981791
981792
981793
981794
981795
981796
981797
981798
981799
981800
981802
982624
982625
982626
982627
982628
982629
982630
982631
982632
982633
982634
982635
982636
982637
982638
982639
982640
982645
982646
982647
982648
982649
982650
982651
982652
982653
982654
982655
982656
982696
982697
982698
982699
982700
982701
982702
982703
982704
982705
982706
982707
982708
982709
982710
982711
982712
982713
982714
982715
982716
982717
982718
982747
982748
982749
982750
982751
982752
982765
982766
982767
982768
982769
982770
982771
982772
982773
982774
982775
982776
982777
982778
982779
982780
982781
982782
982783
982784
982785
982786
982854
982855
982856
982857
982858
982859
982860
982861
982862
982863
982864
982865
982866
982867
982868
982984
982985
982986
982987
982988
982989
982990
982991
982992
982995
982996
982997
982998
982999
983000
983001
983002
983003
983004
983005
983006
983007
983008
983697
983698
983699
983700
983701
983702
983703
983704
983705
983706
983707
983708
983709
983710
983711
983712
983713
983714
983715
983716
983717
983718
983719
983720
983721
983776
983777
983778
983779
983780
983781
983782
983783
983784
983785
983786
983787
983788
983789
983790
983791
983792
983821
983822
983823
983824
983825
983826
983850
983851
983852
983853
983854
983855
983856
983857
983858
983859
983860
983861
983862
983863
983864
983933
983934
983935
983936
983937
983938
983939
983940
983941
983942
983943
983944
983945
983946
983947
983948
983949
983950
983951
984070
984071
984072
984073
984074
984075
984076
984077
984078
984079
984080
984081
984082
984083
984084
984085
984086
984087
984088
984091
984092
984093
984094
984095
984096
984097
984098
984099
984100
984235
984239
984240
984535
984536
984537
984538
984539
984540
984541
984542
984543
984544
984545
984546
984804
984805
984806
984807
984808
984809
984810
984811
984812
984813
984814
984815
984816
984817
984818
984825
984826
984827
984828
984842
984843
984844
984845
984850
984851
984852
984853
984854
984855
984856
984857
984858
984859
984860
984861
984862
984863
984896
984897
984898
984899
984900
984901
984902
984903
984904
984905
984906
984907
984908
984909
984910
984911
984912
984913
984914
984915
984916
984917
984918
984919
984920
984921
984922
984923
984924
984925
984926
984927
984928
984929
984930
984931
984932
984933
984934
984935
984936
984965
984966
984967
984968
984969
984970
984971
984972
984985
984986
984987
984988
984991
984992
984993
984994
984995
984996
984997
984998
984999
985000
985001
985002
985003
985004
985005
985047
985048
985049
985050
985051
985052
985053
985054
985055
985056
985057
985058
985059
985060
985061
985062
985214
985215
985216
985217
985218
985219
985220
985221
985222
985223
985224
985225
985226
985227
985228
985229
985230
985231
985232
985233
985234
985235
985236
985237
985238
985239
985240
985241
985242
985243
985244
985245
985246
985247
985397
985398
985399
985400
985401
985402
985403
985404
985726
985727
985728
985729
985730
985731
985732
985733
985734
985735
985736
985737
985738
985739
985740
986010
986011
986012
986013
986014
986015
986016
986017
986018
986019
986020
986021
986022
986023
986024
986025
986032
986033
986034
986035
986040
986041
986042
986043
986044
986045
986046
986047
986048
986049
986050
986051
986052
986053
986054
986119
986120
986121
986122
986123
986124
986125
986126
986127
986128
986129
986130
986131
986132
986133
986134
986135
986136
986137
986138
986139
986140
986141
986142
986143
986144
986145
986146
986147
986148
986149
986150
986179
986180
986181
986182
986183
986184
986185
986186
986199
986200
986201
986202
986208
986209
986210
986211
986212
986213
986214
986215
986216
986217
986218
986219
986229
986230
986231
986232
986233
986234
986235
986284
986285
986286
986287
986306
986307
986308
986380
986381
986382
986383
986384
986385
986386
986389
986390
986391
986392
986393
986394
986443
986444
986445
986446
986447
986448
986449
986450
986451
986452
986453
986454
986455
986456
986457
986458
986459
986460
986461
986462
986463
986464
986465
986466
986467
986468
986469
986470
986471
986472
986473
986474
986475
986476
986477
986478
986479
986480
986481
986563
986564
986565
986566
986567
986568
986569
986570
986571
986572
986573
986574
986875
986876
986877
986878
986879
986880
987274
987275
987276
987277
987278
987279
987280
987281
987282
987428
987429
987430
987431
987432
987433
987434
987435
987436
987437
987438
987439
987440
987441
987442
987443
987444
987445
987446
987447
987448
987449
987450
987451
987452
987453
987454
987455
987465
987466
987467
987468
987469
987470
987471
987472
987473
987474
987475
987476
987477
987478
987479
987480
987481
987482
987483
987484
987487
987488
987489
987490
987491
987492
987493
987494
987495
987496
987497
987498
987499
987500
987501
987502
987503
987504
987505
987506
987518
987519
987520
987521
987522
987523
987524
987525
987526
987527
987528
987529
987532
987533
987534
987535
987541
987542
987543
987544
987545
987546
987547
987548
987549
987550
987551
987552
987553
987554
987555
987556
987557
987558
987559
987560
987561
987562
987563
987564
987565
987566
987567
987568
987569
987570
987571
987572
987573
987574
987575
987576
987577
988234
988235
988236
988237
988238
988239
988240
988241
988242
988243
988244
988245
988246
988247
988248
988249
988250
988251
988252
988253
988254
988255
988256
988257
988258
988259
988260
988261
988262
988263
988264
988265
988266
988267
988268
988288
988289
988290
988291
988292
988293
988294
988295
988296
988297
988298
988299
988300
988301
988302
988303
988304
988309
988310
988311
988312
988313
988314
988315
988316
988317
988318
988319
988320
988321
988322
988323
988324
988325
988326
988327
988328
988344
988345
988346
988347
988348
988349
988350
988351
988352
988353
988354
988355
988356
988357
988358
988359
988360
988361
988362
988363
988364
988365
988366
988367
988368
988369
988370
988371
988372
988373
988374
988375
988403
988404
988405
988406
988420
988421
988422
988423
988424
988425
988426
988427
988428
988429
988430
988431
988432
988433
988434
988435
988436
988437
988438
988439
988440
988441
988442
988443
988444
988445
988446
988447
988448
988449
988450
988451
988452
988453
988454
988455
988456
988457
988656
988657
988658
988659
988660
988661
988668
988669
988670
988671
988672
988673
988674
988675
988676
988677
988678
988679
988680
988681
988682
988757
988758
988874
988875
988876
988916
988917
988918
988919
988961
988962
988963
988964
989039
989040
989041
989042
989043
989044
989045
989046
989047
989048
989049
989050
989051
989052
989053
989054
989055
989056
989057
989058
989061
989062
989063
989064
989188
989189
989202
989203
989204
989205
989206
989207
989208
989209
989210
989211
989212
989213
989214
989215
989216
989249
989250
989251
989252
989254
989255
989256
989257
989336
989337
989338
989339
989340
989341
989342
989343
989344
989345
989346
989347
989348
989349
989350
989351
989352
989353
989354
989355
989432
989433
989434
989435
989436
989437
989438
989439
989590
989591
989592
989593
989594
989595
989596
989597
989598
989599
989610
989611
989612
989613
989614
989615
989616
989617
989618
989619
989620
989621
989622
989623
989624
989625
989626
989627
989628
989645
989646
989647
989648
989649
989650
989651
989652
989653
989654
989655
989656
989657
989658
989659
989660
989661
989662
989663
989664
989665
989666
989667
989668
989669
989670
989671
989672
989673
989674
989675
989676
989717
989718
989719
989720
989721
989722
989723
989724
989867
989868
989869
989870
989875
989876
989877
989878
989879
989880
989881
989882
989943
989944
989945
989946
989979
989980
989981
989982
990045
990046
990047
990048
990049
990050
990051
990052
990053
990054
990055
990056
990057
990058
990059
990060
990061
990062
990063
990064
990065
990066
990067
990069
990071
990313
990314
990315
990316
990317
990318
990319
990320
990321
990322
990323
990324
990325
990326
990327
990328
990329
990330
990331
990332
990333
990334
990335
990336
990337
990338
990339
990340
990341
990342
990343
990344
990345
990346
990347
990348
990349
990350
990351
990352
990353
990354
990355
990356
990357
990358
990359
990360
990361
990362
990369
990370
990371
990372
990374
990375
990376
990377
990378
990379
990380
990381
990382
990383
990384
990385
990386
990387
990388
990389
990390
990391
990392
990393
990418
990419
990420
990421
990422
990423
990424
990425
990426
990427
990428
990429
990448
990449
990450
990451
990452
990453
990454
990455
990456
990457
990458
990459
990460
990461
990462
990463
990464
990467
990468
990469
990470
990477
990478
990479
990491
990492
990493
990494
990501
990502
990503
990504
990505
990506
990507
990508
990509
990510
990511
990512
990513
990514
990515
990516
990517
990518
990519
990520
990521
990522
990523
990524
990525
990526
990527
990528
990529
990530
990531
990532
990582
990583
990584
990585
990586
990587
990588
990589
990590
990591
990592
990593
990747
990748
990749
990750
990751
990752
990753
990754
990755
990756
990763
990764
990765
990766
990767
990768
990769
990770
990771
990843
990844
990853
990854
990855
990856
990857
990858
990859
990860
990873
990874
990875
990876
990899
990900
990901
990902
990981
990982
990983
990984
991036
991037
991038
991039
991040
991041
991075
991076
991077
991090
991091
991092
991093
991094
991095
991096
991097
991098
991099
991100
991101
991286
991287
991288
991289
991290
991390
991391
991392
991393
991427
991428
991429
991430
991432
991433
991434
991435
991607
991608
991609
991610
991611
991612
991613
991614
991615
991616
991617
991618
991712
991713
991714
991715
991719
991720
991721
991722
991723
991724
991725
991726
991727
991728
991729
991730
991731
991732
991733
991734
991738
991739
991740
991741
991742
991743
991744
991745
991752
991753
991754
991755
991763
991764
991765
991766
991767
991768
991769
991770
991774
991775
991776
991777
991778
991779
991780
991781
991782
991783
991784
991785
991786
991787
991788
991789
991803
991804
991805
991806
991807
991808
991809
991810
991811
991812
991813
991814
991815
991816
991817
991818
991819
991820
991821
991822
991835
991836
991837
991838
991839
991840
991841
991842
991863
991864
991865
991866
991990
991991
991992
991993
991994
991995
991996
991997
991998
991999
992000
992001
992002
992003
992004
992005
992006
992007
992008
992009
992010
992011
992012
992013
992014
992015
992016
992017
992018
992019
992020
992021
992022
992023
992024
992025
992026
992027
992028
992029
992037
992038
992039
992040
992092
992093
992094
992095
992096
992097
992098
992099
992232
992233
992234
992235
992236
992237
992238
992239
992240
992241
992242
992243
992244
992245
992246
992247
992263
992264
992265
992266
992312
992313
992314
992315
992324
992325
992326
992327
992339
992340
992341
992342
992343
992344
992345
992346
992347
992348
992349
992350
992351
992352
992355
992356
992367
992368
992369
992370
992492
992493
992494
992495
992496
992497
992498
992499
992500
992501
992502
992503
992510
992511
992512
992513
992514
992517
992518
992519
992520
992521
992522
992523
992524
992580
992581
992582
992583
992592
992593
992594
992595
992596
992597
992598
992599
992612
992613
992614
992615
992618
992619
992620
992621
992622
992623
992624
992625
992626
992627
992628
992629
992630
992631
992632
992633
992634
992635
992656
992657
992658
992659
992671
992672
992673
992674
992758
992759
992760
992761
992762
992763
992766
992767
992768
992769
992832
992833
992834
992835
992836
992837
992838
992839
992850
992881
992882
992883
992884
992885
992886
992887
992888
992889
992890
992891
992892
992893
992926
992927
993705
993706
993707
993708
993709
993710
993711
993712
993721
993722
993723
993724
993725
993726
993727
993728
993729
993730
993731
993793
993794
993795
993796
993797
993798
993799
993800
993813
993814
993833
993834
993835
993836
993837
993838
993839
993840
993843
993844
993845
993846
993847
993848
993849
993850
993851
993917
993918
993919
993920
993933
993934
993935
993936
993937
993938
993939
993940
993943
993944
993945
993946
993947
993948
993949
993950
993951
993952
993963
993964
993965
994134
994135
994136
994137
994138
994139
994140
994141
994142
994143
995030
995031
995032
995033
995034
995035
995036
995037
995038
995039
995040
995041
995042
995043
995050
995051
995052
995055
995056
995057
995058
995059
995060
995061
995062
995063
995064
995065
995066
995067
995068
995069
995130
995131
995132
995133
995164
995165
995166
995167
995168
995169
995172
995173
995174
995175
995176
995177
995178
995179
995182
995183
995262
995263
995264
995265
995266
995267
996124
996125
996126
996127
996128
996129
996130
996131
996132
996133
996134
996135
996136
996145
996146
996147
996148
996149
996150
996151
996152
996153
996154
996208
996209
996210
996211
996212
996225
996226
996227
996228
996259
996260
996261
996264
996265
996266
996267
996268
996269
996270
996271
996272
996275
996276
996277
996278
996279
996280
996281
996282
996283
996286
996287
996290
996291
996353
996354
996355
996356
996371
996372
996373
996374
996375
996376
996377
996427
996428
996429
996430
996538
996539
996540
996541
996542
996543
996544
996545
997243
997244
997245
997246
997247
997248
997249
997250
997251
997252
997253
997254
997255
997256
997265
997266
997267
997268
997269
997270
997271
997272
997273
997274
997275
997276
997304
997305
997318
997319
997320
997321
997352
997353
997354
997355
997358
997359
997360
997361
997364
997365
997366
997367
997368
997369
997370
997371
997374
997375
997378
997443
997444
997445
997446
997447
997448
997449
997464
997465
997466
997467
997468
997469
997470
997549
997550
997598
997599
997600
997649
997650
997651
997652
997653
997654
997655
997656
997657
998509
998510
998511
998512
998513
998514
998515
998516
998517
998518
998519
998520
998521
998522
998523
998524
998525
998534
998535
998536
998537
998538
998585
998586
998587
998590
998591
998592
998593
998594
998595
998596
998597
998600
998601
998614
998615
998616
998617
998630
998631
998632
998633
998636
998637
998638
998639
998640
998641
998644
998645
998712
998713
998714
998715
998716
998717
998730
998731
998734
998735
998772
998773
998774
998775
998776
998777
998790
998791
998792
998941
998942
998943
998944
998945
998946
998947
998948
999550
999551
999552
999553
999554
999555
999556
999557
999558
999559
999560
999561
999562
999569
999570
999571
999572
999573
999574
999575
999576
999577
999578
999579
999601
999602
999603
999610
999611
999612
999613
999614
999617
999618
999619
999620
999635
999636
999637
999638
999639
999640
999641
999642
999651
999652
999710
999711
999726
999727
999742
999743
999744
999745
999780
999781
999782
999783
999821
999822
999823
999824
999825
999826
999827
999828
1000401
1000402
1000403
1000404
1000405
1000406
1000407
1000408
1000409
1000410
1000411
1000412
1000413
1000420
1000421
1000422
1000423
1000424
1000425
1000426
1000427
1000428
1000429
1000430
1000473
1000474
1000475
1000487
1000488
1000489
1000490
1000491
1000492
1000493
1000494
1000495
1000496
1000497
1000510
1000511
1000512
1000513
1000528
1000529
1000582
1000583
1000586
1000587
1000766
1000767
1000768
1000769
1000770
1000771
1000772
1000773
1001105
1001106
1001107
1001108
1001109
1001110
1001111
1001112
1001113
1001114
1001115
1001116
1001117
1001118
1001119
1001120
1001121
1001122
1001123
1001124
1001125
1001126
1001127
1001128
1001129
1001130
1001131
1001132
1001133
1001134
1001135
1001136
1001137
1001138
1001139
1001140
1001141
1001142
1001143
1001144
1001145
1001146
1001147
1001148
1001149
1001150
1001151
1001152
1001153
1001154
1001155
1001156
1001157
1001158
1001159
1001160
1001161
1001162
1001163
1001164
1001165
1001166
1001167
1001168
1001169
1001170
1001171
1001172
1001173
1001174
1001175
1001176
1001177
1001178
1001179
1001184
1001185
1001186
1001187
1001188
1001189
1001190
1001191
1001192
1001193
1001194
1001195
1001412
1001413
1001414
1001415
1001416
1001417
1001418
1001419
1001420
1001424
1001425
1001426
1001427
1001428
1001429
1001430
1001431
1001493
1001494
1001495
1001496
1001497
1001498
1001499
1001500
1001501
1001502
1001503
1001505
1001506
1001507
1001508
1001509
1001510
1001511
1001512
1001526
1001527
1001528
1001529
1001530
1001531
1001532
1001533
1001534
1001535
1001536
1001537
1001538
1001539
1001540
1001541
1001542
1001543
1001544
1001545
1001546
1001547
1001548
1001549
1001550
1001551
1001552
1001553
1001554
1001555
1001556
1001557
1001558
1001559
1001560
1001561
1001562
1001563
1001564
1001565
1001566
1001567
1001568
1001569
1001570
1001571
1001572
1001573
1001574
1001575
1001576
1001577
1001578
1001579
1001580
1001581
1001582
1001583
1001584
1001585
1001586
1001587
1001588
1001589
1001590
1001591
1001592
1001593
1001594
1001595
1001596
1001597
1001598
1001599
1001600
1001601
1001602
1001603
1001604
1001830
1001835
1001836
1001837
1001838
1001839
1001840
1001841
1001842
1001843
1001844
1001845
1001869
1001870
1001871
1001872
1001875
1001876
1001877
1001878
1001879
1001880
1001881
1001882
1001897
1001898
1001899
1001900
1001943
1001944
1001975
1001976
1001989
1001990
1001991
1001992
1001993
1001994
1002007
1002020
1002021
1002022
1002081
1002082
1002083
1002084
1002137
1002138
1002139
1002140
1002141
1002142
1002143
1002144
1002799
1002800
1002801
1002802
1002803
1002804
1002807
1002808
1002809
1002810
1002811
1002812
1002813
1002814
1002857
1002858
1002859
1002860
1002861
1002868
1002869
1002870
1002871
1002872
1002873
1002876
1002877
1002890
1002891
1002956
1002957
1002958
1002959
1002960
1002961
1002964
1002965
1002966
1002967
1002968
1002969
1002984
1002985
1003080
1003081
1004127
1004128
1004133
1004134
1004135
1004136
1004137
1004138
1004139
1004140
1004141
1004142
1004143
1004144
1004175
1004176
1004177
1004180
1004181
1004182
1004183
1004184
1004185
1004186
1004187
1004190
1004191
1004204
1004205
1004206
1004207
1004222
1004223
1004278
1004279
1004294
1004295
1004296
1004297
1004298
1004299
1004300
1004301
1004413
1004414
1004415
1004416
1004577
1004578
1004579
1006157
1006158
1006203
1006204
1006225
1006226
1006227
1006228
1006243
1006244
1006301
1006302
1006303
1006304
1006305
1006306
1006309
1006310
1006311
1006312
1006335
1006336
1006337
1006338
1006339
1006340
1006341
1006342
1006343
1006344
1006345
1006346
1006347
1006348
1006349
1006350
1006351
1006352
1006353
1006354
1006355
1006356
1006357
1006358
1007712
1007713
1007714
1007715
1007716
1007717
1007720
1007721
1007722
1007723
1007752
1007753
1007754
1007755
1007758
1007759
1007760
1007761
1007762
1007763
1007764
1007765
1007768
1007769
1007770
1007771
1007786
1007787
1007802
1007803
1007804
1007805
1007806
1007807
1007808
1007809
1007810
1007811
1007812
1007877
1007878
1007879
1007880
1007881
1007882
1007885
1007886
1007887
1007888
1007937
1007938
1007939
1007940
1007941
1007942
1007943
1007944
1007945
1007946
1007947
1007948
1007949
1007950
1007951
1007952
1007953
1007954
1007955
1007956
1007957
1007958
1007959
1009284
1009285
1009286
1009287
1009288
1009289
1009290
1009291
1009317
1009318
1009319
1009320
1009323
1009324
1009339
1009340
1009360
1009361
1009362
1009363
1009364
1009365
1009366
1009367
1009428
1009429
1009430
1009431
1009432
1009433
1009434
1009435
1009450
1009451
1009452
1009453
1009488
1009489
1009490
1009491
1009492
1009493
1009494
1009495
1033858
1033859
1033860
1033873
1033874
1033875
1033876
1034055
1034056
1034057
1034058
1034059
1034060
1034061
1034062
1034063
1034064
1034065
1034066
1034067
1034068
1034069
1034070
1034071
1034072
1034073
1034074
1034075
1034076
1034445
1034446
1034447
1034448
1034449
1034450
1034451
1034452
1034453
1034454
1034455
1034456
1034909
1034910
1034911
1034912
1034965
1034966
1034967
1034968
1034969
1034982
1034983
1034984
1034985
1035037
1035038
1035039
1035040
1035157
1035158
1035159
1035160
1035173
1035174
1035175
1035176
1035177
1035178
1035179
1035180
1035181
1035182
1035183
1035184
1035221
1035222
1035223
1035224
1035568
1035569
1035570
1035571
1036181
1036182
1036183
1036184
1036221
1036222
1036223
1036224
1036225
1036226
1036227
1036228
1036229
1036230
1036231
1036232
1036233
1036234
1036235
1036236
1036404
1036405
1036406
1036407
1036420
1036421
1036422
1036423
1036424
1036425
1036426
1036427
1036440
1036441
1036442
1036443
1036849
1036850
1036851
1036852
1036889
1036890
1036891
1036892
1036893
1036894
1036895
1036896
1037153
1037154
1037155
1037156
1037157
1037158
1037159
1037160
1037161
1037162
1037163
1037164
1037165
1037166
1037167
1037168
1037220
1037221
1037222
1037513
1037514
1037515
1037516
1037517
1037518
1037519
1037520
1037521
1037522
1037523
1037524
1037525
1037526
1037527
1037528
1037529
1037560
1037561
1037562
1037601
1037602
1037624
1037625
1037626
1037627
1037637
1037638
1037639
1037640
1038584
1038585
1038586
1038587
1038588
1038589
1038590
1038591
1038592
1038593
1038594
1038595
1038596
1038597
1038598
1038599
1038600
1038601
1038602
1038633
1038634
1038635
1038636
1038687
1038688
1038689
1038690
1038691
1038692
1038693
1038694
1038698
1038699
1038700
1038701
1038702
1038703
1038704
1038705
1038706
1038707
1038708
1038709
1038716
1038717
1038718
1039377
1039378
1039379
1039380
1039381
1039382
1039383
1039384
1039385
1039386
1039387
1039388
1039389
1039390
1039391
1039392
1039425
1039426
1039427
1039466
1039467
1039468
1039469
1039470
1039471
1039472
1039473
1039474
1039475
1039476
1039486
1039487
1039488
1039489
1039490
1039491
1039492
1039493
1039494
1039495
1039514
1039515
1039516
1039517
1040262
1040263
1040264
1040265
1040266
1040267
1040268
1040269
1040270
1040271
1040272
1040273
1040274
1040275
1040276
1040277
1040311
1040312
1040313
1040314
1040315
1040316
1040317
1040318
1040369
1040370
1040371
1040372
1040373
1040374
1040375
1040376
1040377
1040378
1040379
1040380
1040396
1040397
1040398
1040399
1040400
1040401
1040402
1040403
1040422
1040423
1040424
1040425
1040426
1040427
1041630
1041631
1041632
1041633
1041634
1041668
1041669
1041670
1041671
1041672
1041673
1041722
1041723
1041724
1041725
1041726
1041727
1041728
1041729
1041730
1041731
1041732
1041742
1041743
1041744
1041745
1041746
1041747
1041748
1041749
1041750
1041751
1041752
1041753
1041754
1041755
1041756
1041757
1041758
1041777
1041778
1041779
1041780
1041805
1041806
1042313
1042314
1042315
1042318
1042319
1042320
1042321
1042322
1042323
1042324
1042325
1042326
1042357
1042358
1042359
1042360
1042361
1042362
1042363
1042406
1042407
1042408
1042409
1042410
1042411
1042412
1042413
1042414
1042415
1042416
1042433
1042434
1042435
1042436
1042437
1042438
1042439
1042440
1042441
1042442
1042443
1042444
1042445
1042458
1042459
1042460
1042461
1043111
1043112
1043113
1043114
1043127
1043128
1043129
1043130
1043131
1043144
1043145
1043146
1043246
1043247
1043248
1043249
1043250
1043251
1043252
1043253
1043254
1043255
1043256
1043257
1043258
1043259
1043260
1043261
1043320
1043321
1043322
1043323
1043339
1043340
1043341
1043342
1043343
1043344
1043345
1043346
1043347
1043360
1043361
1043362
1043363
1043364
1043365
1043366
1043367
1043368
1043369
1043370
1043383
1043384
1043385
1043386
1043417
1043418
1043419
1043420
1043421
1043422
1043423
1043424
1043587
1043588
1043589
1043590
1043591
1043592
1043594
1043595
1043596
1043597
1043598
1043599
1043600
1043642
1043643
1043644
1043645
1043646
1043647
1043699
1043700
1043701
1043702
1043703
1043704
1044085
1044086
1044087
1044100
1044101
1044102
1044103
1044116
1044117
1044118
1044119
1044120
1044121
1044122
1044126
1044127
1044128
1044129
1044130
1044131
1044132
1044133
1044134
1044135
1044136
1044137
1044138
1044139
1044140
1044231
1044232
1044233
1044234
1044235
1044236
1044237
1044269
1044270
1044271
1044287
1044288
1044289
1044290
1044291
1044292
1044306
1044307
1044308
1044309
1044310
1044311
1044312
1044313
1044326
1044327
1044328
1044329
1044330
1044331
1044332
1044333
1044334
1044335
1044336
1044337
1044338
1044355
1044356
1044357
1044358
1044359
1044360
1044361
1044362
1044363
1044364
1044365
1044396
1044397
1044398
1044399
1044400
1044401
1044402
1044403
1044697
1044698
1044699
1044700
1044701
1044702
1045114
1045115
1045116
1045117
1045130
1045131
1045132
1045133
1045146
1045147
1045148
1045149
1045150
1045151
1045152
1045153
1045157
1045158
1045159
1045160
1045251
1045252
1045253
1045254
1045255
1045256
1045257
1045258
1045259
1045260
1045303
1045304
1045305
1045321
1045322
1045323
1045327
1045328
1045329
1045330
1045331
1045348
1045349
1045350
1045375
1045376
1045377
1045378
1045379
1045380
1045381
1045382
1045383
1045384
1045385
1045386
1045387
1045388
1045396
1045397
1045398
1045399
1045400
1045401
1045912
1045913
1045914
1045915
1045946
1045947
1045948
1045949
1045950
1045951
1045952
1045953
1045974
1045975
1045976
1045977
1046014
1046015
1046016
1046017
1046018
1046019
1046020
1046021
1046022
1046023
1046024
1046061
1046062
1046063
1046064
1046065
1046066
1046067
1046068
1046808
1046809
1046810
1046811
1046812
1046813
1046814
1046845
1046846
1046847
1046865
1046866
1046867
1046886
1046887
1046888
1046889
1046890
1046891
1046892
1046893
1046906
1046907
1046908
1046924
1046925
1046926
1046927
1046928
1046929
1046930
1046931
1046932
1046933
1046934
1046935
1046936
1048088
1048089
1048131
1048132
1048133
1048134
1048135
1048136
1048158
1048159
1048160
1048173
1048174
1048175
1048190
1048191
1048192
1048193
1048194
1048195
1048196
1048239
1048240
1048241
1048993
1048994
1048995
1048996
1048997
1048998
1049048
1049049
1049050
1049063
1049064
1049065
1049095
1049096
1049097
1049098
1049099
1049100
1049101
1049102
1049103
1049104
1049105
1049932
1049933
1049934
1049935
1049957
1049958
1049959
1049960
1049961
1049962
1049975
1049976
1050040
1050041
1050042
1050043
1050044
1050045
1050046
1050047
1050048
1050049
1050050
1051061
1051062
1051077
1051078
1051079
1051080
1051081
1051082
1051113
1051114
1051115
1051116
1051164
1051165
1051166
1051167
1051168
1051169
1051170
1051171
1051172
1051173
1051174
1051175
1051176
1051177
1051178
1051179
1051180
1051181
1051316
1051317
1051318
1051319
1051320
1051321
1051322
1051323
1051324
1051325
1051326
1051327
1051328
1051329
1051330
1051331
1051368
1051369
1051370
1051371
1051372
1051373
1051374
1051375
1051376
1051377
1051378
1051379
1051380
1051381
1051382
1051383
1051384
1051385
1051386
1051387
1051388
1051389
1051390
1051391
1051392
1051393
1051394
1051395
1051396
1051397
1051398
1051399
1051400
1051401
1051402
1051403
1051404
1051405
1051406
1051407
1051408
1051409
1051410
1051434
1051435
1051436
1051437
1051438
1051439
1051440
1051441
1051444
1051445
1051446
1051447
1051448
1051449
1051450
1051451
1051452
1051453
1051454
1051455
1051456
1051457
1051458
1051459
1051460
1051461
1051462
1051463
1051839
1051840
1051841
1051842
1051847
1051848
1051849
1051850
1051851
1051852
1051853
1051854
1051855
1051856
1051857
1051858
1051859
1051860
1052009
1052010
1052011
1052012
1052013
1052014
1052015
1052016
1052029
1052030
1052031
1052032
1052084
1052085
1052086
1052087
1052088
1052089
1052090
1052091
1052092
1052093
1052094
1052095
1052096
1052097
1052098
1052099
1052100
1052101
1052102
1052103
1052104
1052105
1052106
1052107
1052108
1052109
1052110
1052240
1052241
1052242
1052243
1052244
1052245
1052246
1052247
1052281
1052282
1052283
1052284
1052285
1052286
1052287
1052288
1052289
1052290
1052291
1052292
1052293
1052294
1052295
1052296
1052297
1052298
1052299
1052300
1052301
1052302
1052303
1052304
1052305
1052306
1052307
1052308
1052309
1052310
1052311
1052312
1052313
1052314
1052315
1052316
1052317
1052318
1052319
1052320
1052321
1052322
1052323
1052324
1052325
1052326
1052327
1052366
1052367
1052368
1052369
1052370
1052371
1052372
1052373
1052374
1052375
1052376
1052377
1052378
1052379
1052380
1052381
1052382
1052383
1052384
1052385
1052386
1052387
1052388
1052389
1052390
1052391
1052392
1052393
1052394
1052395
1052396
1052397
1052398
1052399
1052400
1052401
1052402
1052403
1052404
1052405
1052406
1052407
1052408
1052409
1052410
1052411
1052412
1052413
1052414
1052415
1052416
1052417
1052418
1052419
1052420
1052421
1052422
1052423
1052424
1052425
1052426
1052427
1052428
1052429
1052430
1052431
1052432
1052433
1052434
1052435
1052436
1052437
1052438
1052439
1052440
1052441
1052442
1052443
1052444
1052445
1052446
1052447
1052448
1052449
1052450
1052451
1052452
1052453
1052454
1052455
1052456
1052457
1052458
1052459
1052460
1052461
1052462
1052463
1052464
1052465
1052466
1052467
1052468
1052469
1052470
1052471
1052472
1052473
1052474
1052475
1052476
1052477
1052478
1052479
1052480
1052481
1052482
1052483
1052484
1052485
1052486
1052487
1052488
1052489
1052490
1052491
1052492
1052493
1052494
1052495
1052496
1052497
1052498
1052499
1052500
1052501
1052502
1052503
1052504
1052505
1052506
1052507
1052508
1052509
1052510
1052511
1052512
1052513
1052514
1052515
1052516
1052517
1052518
1052519
1052520
1052521
1052522
1052523
1052524
1052525
1052526
1052527
1052528
1052529
1052530
1052531
1052532
1052533
1052534
1052535
1052536
1052537
1052538
1052539
1052540
1052541
1052542
1052543
1052544
1052545
1052546
1052547
1052548
1052549
1052550
1052551
1052552
1052553
1052554
1052555
1052556
1052557
1052558
1052559
1052560
1052561
1052562
1052563
1052564
1052565
1052566
1052567
1052568
1052569
1052570
1052571
1052572
1052573
1052574
1052575
1052576
1052577
1052578
1052579
1052580
1052581
1052582
1052583
1052584
1052585
1052586
1052587
1052588
1052589
1052590
1052591
1052592
1052593
1052594
1052595
1052596
1052597
1052598
1052599
1052600
1052601
1052602
1052603
1052604
1052605
1052606
1052797
1052798
1052799
1052800
1052801
1052802
1052803
1052804
1052805
1052806
1052807
1052808
1052809
1052810
1052811
1052812
1052813
1052814
1052815
1052816
1052817
1052818
1052819
1052820
1052821
1052822
1052823
1052824
1052825
1052826
1052827
1052847
1052848
1052849
1052850
1052851
1052852
1052853
1052860
1052861
1052862
1053268
1053269
1053270
1053271
1053299
1053300
1053301
1053302
1053303
1053304
1053305
1053306
1053351
1053352
1053353
1053354
1053355
1053356
1053357
1053358
1053359
1053360
1053361
1053362
1053363
1053364
1053365
1053366
1053367
1053368
1053369
1053370
1053383
1053384
1053385
1053386
1053387
1053388
1053389
1054455
1054456
1054457
1054473
1054474
1054475
1054481
1054482
1054483
1054484
1054512
1054513
1054526
1054527
1054565
1054566
1054567
1054568
1054569
1054570
1054571
1054572
1054573
1054574
1054575
1054588
1054589
1054590
1054591
1054592
1054593
1054594
1054595
1055243
1055244
1055245
1055246
1055247
1055248
1055249
1055251
1055261
1055262
1055263
1055264
1055297
1055298
1055299
1055300
1055301
1055302
1055303
1055304
1055305
1055306
1055307
1055308
1055309
1055310
1055311
1055354
1055355
1055356
1055378
1055379
1055380
1055381
1055382
1055953
1055954
1055955
1055956
1055957
1055958
1055959
1055960
1055961
1055962
1055963
1055967
1055968
1055969
1055970
1055971
1055972
1055973
1055974
1055975
1055976
1055977
1056071
1056072
1056073
1056074
1056075
1056076
1056077
1056078
1056079
1056080
1056081
1056082
1056083
1056084
1056085
1056086
1056694
1056695
1056696
1056697
1056698
1056699
1056700
1056701
1056718
1056719
1056744
1056745
1056746
1056747
1056748
1056749
1056792
1056793
1056794
1056802
1056803
1056804
1056805
1056806
1056807
1056808
1056809
1057402
1057403
1057404
1057405
1057423
1057424
1057425
1057426
1057447
1057448
1057449
1057462
1057463
1057464
1057465
1057520
1057521
1057522
1057523
1057524
1057525
1057526
1057527
1057528
1057529
1057530
1057552
1057553
1057554
1057555
1057556
1057557
1057558
1057559
1057560
1057561
1057562
1057563
1057564
1057565
1058252
1058253
1058254
1058255
1058264
1058265
1058266
1058267
1058268
1058269
1058270
1058271
1058278
1058279
1058280
1058281
1058306
1058307
1058308
1058309
1058310
1058311
1058312
1058355
1058356
1058357
1058358
1058359
1058360
1058361
1060236
1060237
1060284
1060285
1060286
1060287
1060351
1060352
1060353
1060354
1060355
1060356
1060357
1060358
1060359
1060360
1060361
1060362
1061947
1061948
1061949
1061950
1061951
1061952
1061953
1061954
1061955
1061956
1061957
1061958
1061959
1061960
1061961
1061962
1061963
1061964
1061965
1061966
1061967
1061978
1061979
1061980
1061981
1061982
1061983
1061984
1061985
1061986
1061987
1061988
1062073
1062074
1062075
1062076
1062089
1062090
1062133
1062134
1062135
1062136
1062137
1062138
1062139
1062140
1062148
1062149
1062150
1062151
1062152
1062153
1062154
1062155
1062177
1062178
1062179
1062180
1062181
1062182
1062183
1062184
1062207
1062208
1062209
1062210
1062211
1062212
1062213
1062214
1062215
1062216
1062217
1062218
1062235
1062236
1062237
1063267
1063268
1063269
1063270
1063271
1063272
1063273
1063274
1063275
1063276
1063277
1063288
1063289
1063290
1063291
1063292
1063293
1063294
1063310
1063311
1063312
1063313
1063314
1063315
1063316
1063335
1063336
1063337
1063338
1063377
1063378
1063379
1063380
1063381
1063382
1063383
1063396
1063397
1063398
1063429
1063430
1063431
1063432
1063433
1063434
1063435
1063436
1063472
1063473
1063474
1063475
1063476
1063477
1063478
1063503
1063504
1063505
1063506
1063507
1063508
1063513
1063514
1063515
1063516
1064718
1064719
1064720
1064721
1064722
1064723
1064724
1064735
1064736
1064737
1064738
1064739
1064740
1064741
1064742
1064743
1064744
1064745
1064746
1064747
1064778
1064779
1064780
1064829
1064830
1064831
1064840
1064841
1064842
1064843
1064844
1064845
1064846
1064847
1064941
1064942
1064943
1065243
1065244
1065245
1065246
1065259
1065260
1065261
1065486
1065487
1065488
1065489
1065490
1065491
1065504
1065505
1065506
1065507
1065518
1065519
1065520
1065521
1065522
1065523
1065524
1065525
1065526
1065527
1065528
1065529
1065600
1065601
1065602
1065603
1065616
1065617
1065618
1065619
1065650
1065651
1065727
1065728
1065729
1066405
1066406
1066407
1066408
1066415
1066416
1066417
1066472
1066473
1066517
1066518
1068253
1068254
1068255
1068331
1068332
1068333
1068334
1068335
1068336
1068337
1068338
1068339
1068340
1068861
1068862
1068863
1068864
1068865
1068866
1068867
1068868
1068869
1068870
1068871
1068872
1068873
1068874
1068875
1068876
1068889
1068890
1068891
1068892
1068893
1068894
1068895
1068896
1068907
1068908
1068909
1068910
1068911
1068912
1068913
1068914
1069011
1069012
1069013
1069014
1069015
1069016
1069017
1069018
1069019
1069020
1069106
1069107
1069108
1069702
1069703
1069704
1070378
1070379
1071250
1071251
1071252
1071253
1071254
1071255
1071256
1071257
1071258
1071259
1071260
1071283
1071284
1071285
1071286
1071287
1071288
1071364
1071365
1071366
1071367
1071380
1071381
1071382
1071383
1071396
1071397
1071398
1071399
1071488
1071489
1071490
1071491
1072677
1072678
1072679
1072680
1072681
1072682
1072683
1073140
1073141
1073142
1073143
1073144
1073145
1073146
1073147
1073148
1073149
1073150
1073151
1073152
1073153
1073154
1073155
1073178
1073179
1073180
1073181
1073182
1073183
1073209
1073210
1073211
1073212
1073213
1073214
1073272
1073273
1073274
1073275
1073300
1073301
1073302
1073303
1074335
1074336
1074337
1074340
1074341
1074342
1074343
1074344
1074345
1074346
1074347
1074373
1074374
1074375
1074376
1074377
1074378
1074379
1074419
1074420
1074421
1074422
1074443
1074444
1074445
1074446
1074848
1074849
1074850
1074851
1074852
1074853
1074854
1074855
1074856
1074857
1074858
1074859
1074860
1074861
1074862
1074863
1075169
1075170
1075171
1075172
1075173
1075174
1075175
1075176
1075423
1075424
1075425
1075426
1075427
1075428
1075429
1075430
1075470
1075471
1075472
1075473
1075474
1075475
1087295
1087296
1087297
1087298
1087323
1087324
1087325
1087326
1087327
1087328
1087329
1087330
1087395
1087396
1088243
1088244
1088245
1088246
1088247
1088248
1088306
1088307
1088308
1088309
1088334
1088335
1088336
1088337
1088338
1088339
1088340
1088341
1088342
1088343
1089239
1089240
1089241
1089254
1089255
1089256
1089257
1089258
1089259
1089323
1089324
1089325
1089326
1089327
1089432
1089433
1089434
1089435
1090191
1090192
1090193
1090194
1090195
1090196
1090197
1090198
1090274
1090275
1090276
1090277
1090278
1090303
1090304
1090305
1090306
1090307
1090308
1090349
1090350
1090406
1090407
1090408
1090500
1090501
1090502
1090503
1090507
1090508
1090509
1090510
1090511
1090512
1090513
1090514
1090515
1090516
1090517
1090518
1090519
1090520
1090521
1090522
1090523
1090524
1090525
1090526
1090527
1091203
1091204
1091205
1091251
1091252
1091253
1091254
1091255
1091256
1091257
1091258
1091295
1091296
1091297
1091298
1091299
1091300
1091392
1091393
1091394
1091495
1091496
1091497
1091498
1091499
1091500
1091501
1092418
1092419
1092420
1092421
1092422
1092423
1092424
1092425
1092426
1092439
1092440
1092441
1092442
1092467
1092468
1092469
1092470
1092511
1092512
1092647
1092648
1092649
1092650
1092651
1093201
1093202
1093203
1093333
1093334
1093335
1093336
1093337
1093338
1093486
1093487
1093488
1093489
1093531
1093532
1093569
1093570
1093571
1093572
1093573
1093574
1093575
1093576
1094553
1094554
1094555
1094556
1094569
1094570
1094571
1094572
1094573
1094660
1094661
1094662
1094663
1094664
1094665
1094666
1094667
1094668
1094797
1094798
1094799
1094800
1094801
1094802
1094815
1094816
1094817
1094818
1094819
1094845
1094846
1094847
1094848
1094849
1094850
1094851
1096430
1096431
1096444
1096445
1096446
1096447
1096448
1096478
1096479
1096480
1096493
1096494
1096519
1096520
1096521
1096522
1096611
1096612
1096613
1096626
1096627
1096628
1096629
1096630
1096631
1096632
1096657
1096658
1096659
1096660
1096757
1096758
1096759
1096760
1096761
1096762
1096763
1096764
1096765
1096766
1096894
1096895
1096899
1096900
1096901
1096902
1096903
1096904
1096905
1096906
1096907
1096908
1096909
1096910
1096911
1096912
1096913
1096914
1096915
1096916
1096917
1096918
1096919
1096920
1096921
1096922
1096923
1096924
1096925
1096926
1096927
1096928
1096929
1096930
1096931
1096932
1096933
1096934
1096935
1096936
1097702
1097703
1097704
1097705
1097706
1097707
1097732
1097733
1097734
1097816
1097817
1097830
1097831
1097832
1097833
1097846
1097847
1097848
1097849
1097882
1097883
1097884
1097909
1097910
1097911
1097912
1097913
1097914
1097915
1097916
1097917
1097986
1097987
1097988
1097989
1097990
1097991
1097992
1097993
1097994
1097995
1097996
1097997
1097998
1097999
1098000
1098001
1098002
1098663
1098664
1098665
1098666
1098667
1098668
1098669
1098670
1098671
1098672
1098673
1098674
1098675
1098676
1098677
1098678
1098679
1098680
1098681
1098682
1098683
1098691
1098692
1098693
1098694
1098842
1098843
1098844
1098845
1098846
1098847
1098848
1098849
1098850
1098851
1098852
1098853
1098866
1098867
1098868
1098869
1098870
1098871
1098872
1098873
1098874
1098875
1098876
1098877
1098878
1098879
1098880
1098881
1098882
1098883
1098884
1098885
1099038
1099039
1099040
1099041
1099042
1099043
1099044
1099045
1099046
1099047
1099048
1099049
1099050
1100031
1100032
1100033
1100034
1100035
1100036
1100037
1100038
1100039
1100064
1100065
1100066
1100067
1100068
1100069
1100070
1100071
1100072
1100073
1100074
1100075
1100076
1100077
1100163
1100164
1100165
1100166
1100167
1100168
1100169
1100170
1100234
1100235
1100236
1100237
1100262
1100263
1100264
1100265
1100266
1100267
1100268
1100269
1100270
1100271
1100338
1100339
1101105
1101106
1101107
1101110
1101111
1101112
1101113
1101142
1101143
1101144
1101169
1101170
1101210
1101211
1101236
1101237
1101238
1101239
1101240
1101295
1101296
1101331
1101332
1101333
1101334
1101335
1101336
1101935
1101936
1101937
1101938
1101939
1101940
1101941
1101942
1101943
1101944
1101945
1101946
1101947
1101948
1101973
1101974
1101975
1101976
1102023
1102024
1102025
1102026
1102027
1102028
1102029
1102056
1102057
1102071
1102072
1102073
1102074
1102075
1102076
1102580
1102581
1102582
1102583
1102584
1102585
1102586
1102587
1102635
1102636
1102637
1102638
1102639
1102640
1102641
1102642
1102643
1102644
1102645
1102646
1102647
1102654
1102655
1102656
1102657
1102658
1102679
1102680
1102681
1102682
1102707
1102708
1102709
1102710
1102777
1102778
1102779
1102780
1102781
1102782
1102783
1102784
1102821
1102822
1102823
1102824
1102877
1102878
1102879
1102880
1102881
1102882
1102947
1102948
1102949
1102950
1102951
1102952
1102953
1102954
1102955
1102956
1102957
1102958
1102959
1102960
1102961
1102962
1102963
1102964
1103316
1103317
1103318
1103319
1103320
1103321
1103414
1103415
1103416
1103417
1103461
1103462
1103463
1103464
1103465
1103466
1103467
1103468
1103469
1103470
1104236
1104237
1104238
1104239
1104264
1104265
1104266
1104267
1104280
1104281
1104282
1104283
1104348
1104349
1104350
1104351
1104396
1104397
1104398
1104399
1104400
1104401
1104402
1104403
1104404
1104405
1104764
1104765
1104766
1104767
1104768
1104769
1104846
1104847
1104848
1104849
1104890
1104891
1104892
1104893
1104894
1104895
1104920
1104921
1104922
1104923
1104924
1104925
1104926
1104927
1104928
1104929
1105287
1105288
1105289
1105290
1105291
1105292
1105306
1105307
1105308
1105309
1105426
1105427
1105428
1105429
1105430
1105431
1105432
1105433
1105434
1105435
1105436
1105437
1105603
1105604
1105605
1105606
1105625
1105626
1105627
1105628
1105629
1105630
1105631
1105632
1105633
1105634
1105635
1105636
1105637
1105638
1105639
1105640
1105641
1106531
1106532
1106533
1106534
1106559
1106560
1106561
1106562
1106563
1106564
1106565
1106660
1106661
1106662
1106663
1106698
1106699
1106700
1106701
1106702
1106703
1106722
1106723
1106724
1106725
1106726
1106727
1106728
1106729
1106730
1106731
1106935
1106936
1106937
1106938
1107008
1107009
1107010
1107011
1107012
1107013
1107014
1107015
1107016
1107017
1107018
1107019
1107020
1107021
1107022
1107023
1107024
1107025
1107026
1107027
1107028
1107383
1107384
1107385
1107386
1107387
1107388
1107467
1107468
1107469
1107470
1107471
1107472
1107525
1107526
1107527
1107528
1107529
1107530
1107531
1107532
1107533
1107534
1107535
1107536
1107537
1107538
1107539
1107901
1107902
1107903
1107904
1107905
1107906
1107907
1107908
1107909
1107910
1107989
1107990
1108025
1108026
1108027
1108046
1108047
1108048
1108049
1108050
1108051
1108052
1108053
1108054
1108055
1108416
1108417
1108418
1108419
1108420
1108421
1108422
1108423
1108424
1108425
1108426
1108427
1108428
1108429
1108442
1108443
1108444
1108567
1108568
1108569
1108570
1108571
1108572
1108573
1108574
1108575
1108576
1108951
1108952
1108953
1108954
1108955
1108956
1108957
1108958
1108959
1108960
1108961
1108962
1108963
1108964
1108965
1108966
1108967
1108968
1108969
1108970
1108971
1108972
1108973
1108974
1108975
1108976
1108977
1108978
1108979
1108980
1108981
1109043
1109044
1109045
1109046
1109047
1109048
1109049
1109050
1109051
1109052
1109053
1109054
1109248
1109249
1109250
1109251
1109276
1109277
1109278
1109279
1109280
1109281
1109282
1109283
1109284
1109285
1109286
1109287
1109321
1109322
1109323
1109324
1109325
1109326
1109327
1109328
1109352
1109353
1109354
1109355
1109356
1109357
1109358
1109359
1109384
1109385
1109386
1109387
1109388
1109389
1109390
1109391
1109392
1109393
1109495
1109496
1109497
1109498
1109511
1109512
1109513
1109514
1109515
1109516
1109517
1109968
1109969
1109970
1109971
1109992
1109993
1109994
1109995
1110040
1110041
1110042
1110043
1110044
1110045
1110046
1110047
1110072
1110073
1110074
1110075
1110154
1110155
1110156
1110157
1110158
1110159
1110160
1110161
1110184
1110185
1110186
1110187
1110240
1110241
1110242
1110243
1110244
1110275
1110276
1110277
1110278
1110279
1110280
1110281
1110282
1110283
1110284
1110285
1110286
1110287
1110288
1110289
1111237
1111238
1111239
1111240
1111241
1111242
1111243
1111244
1111245
1111246
1111247
1111248
1111279
1111280
1111281
1111282
1111283
1111284
1111285
1111286
1111311
1111312
1111313
1111338
1111339
1111340
1111341
1111342
1111343
1111344
1111366
1111367
1111368
1111369
1111370
1111371
1111372
1111400
1111401
1111402
1111403
1111458
1111459
1111460
1111461
1111474
1111475
1111476
1111559
1111560
1111561
1111562
1111563
1111564
1111565
1111566
1111567
1111568
1112315
1112316
1112317
1112318
1112319
1112326
1112327
1112328
1112353
1112354
1112379
1112380
1112381
1112382
1112383
1112384
1112385
1112430
1112431
1112432
1112433
1112458
1112459
1112460
1112461
1112504
1112505
1112506
1112515
1112516
1112517
1112518
1112519
1112520
1112521
1112538
1112539
1112540
1112541
1112572
1112573
1112574
1112575
1112628
1112629
1112630
1112631
1112632
1112633
1112634
1112635
1112636
1112637
1112638
1112639
1112640
1112641
1112642
1112643
1112644
1112645
1112646
1112647
1112648
1112649
1112650
1112651
1112652
1112653
1112654
1112655
1112656
1112657
1112658
1112659
1112660
1112661
1112662
1113487
1113488
1113489
1113490
1113491
1113492
1113496
1113497
1113498
1113499
1113544
1113545
1113546
1113547
1113548
1113549
1113550
1113595
1113596
1113597
1113598
1113623
1113624
1113625
1113626
1113627
1113628
1113629
1113630
1113695
1113696
1113697
1113698
1113751
1113752
1113753
1113754
1113755
1113808
1113809
1113810
1113811
1113812
1113813
1113814
1113815
1113816
1113817
1113818
1113819
1113820
1113821
1113822
1113823
1113824
1113825
1115476
1115477
1115478
1115479
1115552
1115553
1115554
1115555
1115556
1115557
1115558
1115559
1115560
1115561
1115562
1115563
1115588
1115589
1115590
1115591
1115638
1115639
1115640
1115641
1115654
1115655
1115656
1115657
1115738
1115739
1115740
1115741
1115754
1115755
1115756
1115757
1115758
1115759
1115760
1115761
1115792
1115793
1115794
1115795
1115796
1115830
1115831
1115832
1115833
1115853
1115854
1115855
1115856
1115857
1115858
1115859
1115860
1115861
1115862
1115863
1115864
1115865
1115866
1115867
1116941
1116942
1116943
1116944
1117009
1117010
1117011
1117012
1117013
1117014
1117015
1117016
1117017
1117018
1117019
1117020
1117021
1117022
1117023
1117048
1117049
1117050
1117051
1117104
1117105
1117106
1117107
1117120
1117121
1117122
1117123
1117204
1117205
1117206
1117207
1117989
1117990
1117991
1117992
1117993
1117994
1117995
1117996
1117997
1117998
1117999
1118000
1118001
1118002
1118035
1118036
1118037
1118060
1118061
1118062
1118063
1118123
1118124
1118125
1118150
1118151
1118152
1118153
1118154
1118155
1118156
1118157
1118158
1118159
1118172
1118173
1118174
1118175
1118248
1118249
1118250
1118251
1118252
1118253
1118254
1118255
1118256
1118257
1118258
1118259
1118600
1118601
1118602
1118603
1118604
1118605
1118606
1118607
1118608
1118609
1118610
1118611
1118612
1118613
1118614
1118615
1118616
1118617
1118618
1118619
1118620
1118621
1118622
1118623
1118624
1118625
1118626
1118628
1118629
1118630
1118631
1118637
1118638
1118639
1118640
1118687
1118688
1118689
1118690
1118691
1118692
1118693
1118694
1118695
1118696
1118697
1118698
1118699
1118700
1118701
1118702
1118703
1118704
1118705
1118706
1118751
1118752
1118753
1118754
1118755
1118756
1118757
1118758
1118759
1118760
1118761
1118762
1118763
1118764
1118765
1119747
1119748
1119749
1119750
1119775
1119776
1119777
1119778
1119779
1119780
1119781
1119782
1119796
1119797
1119798
1119799
1119824
1119825
1119826
1119827
1119828
1119829
1119830
1119831
1119832
1119833
1119834
1119835
1119836
1119837
1119838
1119839
1119840
1119841
1119878
1119879
1119880
1119882
1119883
1119884
1119885
1119886
1119887
1119888
1119889
1119890
1119891
1119892
1119893
1119894
1119895
1119896
1119954
1119955
1119956
1119957
1119958
1119981
1119982
1119983
1119996
1119997
1119998
1119999
1120018
1120019
1120020
1120021
1120022
1120023
1120024
1120025
1120026
1120027
1120028
1120029
1120030
1120031
1120038
1120039
1120040
1120041
1120042
1120043
1120044
1120045
1120046
1120047
1120048
1120049
1120050
1120051
1120052
1121565
1121566
1121567
1121568
1121569
1121570
1121571
1121572
1121573
1121574
1121575
1121576
1121577
1121578
1121579
1121580
1121581
1121582
1121583
1121596
1121597
1121598
1121599
1121600
1121601
1121602
1121603
1121662
1121663
1121664
1121665
1121666
1121667
1121668
1121669
1121682
1121683
1121684
1121685
1121686
1121687
1121688
1121689
1121759
1121760
1121761
1121770
1121771
1121772
1121773
1121774
1121775
1121776
1121777
1121778
1121779
1121780
1121781
1121782
1121783
1121784
1121785
1121786
1121787
1121788
1121789
1121790
1121791
1121792
1121793
1121800
1121801
1121802
1121803
1121804
1121805
1121806
1121807
1121812
1121813
1121814
1121815
1121820
1121821
1121822
1121823
1121824
1121825
1121826
1121827
1121828
1121829
1123625
1123626
1123627
1123628
1123629
1123630
1123631
1123632
1123633
1123634
1123635
1123636
1123649
1123650
1123651
1123652
1123653
1123654
1123655
1123656
1123705
1123706
1123707
1123708
1125087
1125088
1125089
1125090
1125091
1125092
1125123
1125124
1125125
1125126
1125127
1125128
1125191
1125192
1125193
1125206
1125207
1125208
1125209
1125210
1125211
1125240
1125241
1125242
1125243
1125244
1125245
1126534
1126535
1126536
1126537
1126538
1126539
1126540
1126541
1126542
1126543
1126544
1126545
1126546
1126547
1126548
1126549
1126562
1126563
1126564
1126565
1126566
1126567
1126568
1126569
1126612
1126613
1126614
1126615
1126658
1126659
1126660
1126661
1126662
1126663
1126664
1126665
1126666
1126667
1126668
1126741
1126742
1126743
1126744
1126757
1126758
1126759
1126760
1126771
1126772
1126773
1126774
1126803
1126804
1126805
1126806
1126807
1126808
1126809
1126810
1130362
1130363
1130364
1130365
1130366
1130367
1130368
1130369
1130370
1130371
1130372
1130373
1130374
1130375
1130376
1130389
1130390
1130391
1130392
1130393
1130394
1130395
1130438
1130439
1130440
1130484
1130485
1130486
1130487
1130488
1130489
1130490
1130491
1130492
1130493
1130569
1130570
1130571
1130584
1130585
1130586
1130597
1130598
1130599
1130628
1130629
1130630
1130631
1130632
1130633
1130634
1130635
1130636
1130637
1130674
1130675
1130676
1130716
1130717
1130718
1130845
1130846
1130847
1130848
1130849
1130850
1130851
1130852
1130926
1130927
1130928
1130929
1130930
1130931
1130932
1130933
1130953
1130954
1130955
1130956
1130957
1130958
1130959
1130960
1130961
1130962
1130963
1130964
1131269
1131270
1131271
1131272
1131273
1131274
1131275
1131276
1131277
1131278
1131279
1131280
1131281
1131282
1131283
1131284
1131334
1131335
1131336
1131337
1131338
1131339
1131340
1131341
1131347
1131348
1131349
1131350
1131351
1131352
1131353
1131354
