1033858
1033859
1033860
1033873
1033874
1033875
1033876
1033999
1034000
1034011
1034012
1034025
1034026
1034041
1034042
1034045
1034046
1034055
1034056
1034057
1034058
1034059
1034060
1034061
1034062
1034063
1034064
1034065
1034066
1034067
1034068
1034069
1034070
1034071
1034072
1034073
1034074
1034075
1034076
1034439
1034440
1034445
1034446
1034447
1034448
1034449
1034450
1034451
1034452
1034453
1034454
1034455
1034456
1034909
1034910
1034911
1034912
1034965
1034966
1034967
1034968
1034969
1034982
1034983
1034984
1034985
1035037
1035038
1035039
1035040
1035113
1035114
1035137
1035138
1035151
1035152
1035157
1035158
1035159
1035160
1035171
1035172
1035173
1035174
1035175
1035176
1035177
1035178
1035179
1035180
1035181
1035182
1035183
1035184
1035187
1035188
1035199
1035200
1035221
1035222
1035223
1035224
1035568
1035569
1035570
1035571
1035602
1035603
1035606
1035607
1036181
1036182
1036183
1036184
1036221
1036222
1036223
1036224
1036225
1036226
1036227
1036228
1036229
1036230
1036231
1036232
1036233
1036234
1036235
1036236
1036360
1036361
1036382
1036383
1036398
1036399
1036404
1036405
1036406
1036407
1036418
1036419
1036420
1036421
1036422
1036423
1036424
1036425
1036426
1036427
1036430
1036431
1036440
1036441
1036442
1036443
1036849
1036850
1036851
1036852
1036889
1036890
1036891
1036892
1036893
1036894
1036895
1036896
1036923
1036924
