    night t_dark14 t_dark_used t_dark_avail Shen_t_dark Martini_t_dark eFEDS_t_dark YSE_t_dark DEBASS_t_dark DDF_t_dark DESI_t_dark EtaCar_t_dark Shen_t_twi1 Martini_t_twi1 eFEDS_t_twi1 YSE_t_twi1 DEBASS_t_twi1 DDF_t_twi1 DESI_t_twi1 EtaCar_t_twi1 Shen_t_twi2 Martini_t_twi2 eFEDS_t_twi2 YSE_t_twi2 DEBASS_t_twi2 DDF_t_twi2 DESI_t_twi2 EtaCar_t_twi2 Shen_t_down Martini_t_down eFEDS_t_down YSE_t_down DEBASS_t_down DDF_t_down DESI_t_down EtaCar_t_down
 20210318   9.7934      9.7911       9.7934      0.3736            nan       0.7646     2.0320        0.8983     2.2047      3.5178           nan      0.0556            nan       0.0000     0.1108        0.0000     0.0000      0.0000           nan      0.0000            nan       0.0000     0.0000        0.0000     0.0000      0.0000           nan      0.0000            nan       0.0000     0.9358        0.4578     1.1078      3.5178           nan
 20210321   9.8889      9.9090       9.8889      0.4160            nan       0.5812     2.1229        0.9604     2.3118      3.5167           nan      0.0000            nan       0.0000     0.1278        0.0157     0.0000      0.0000           nan      0.0000            nan       0.0000     0.0250        0.0344     0.0000      0.0000           nan      0.0000            nan       0.0000     0.0000        0.0000     0.0000      0.0000           nan
 20210323   9.9517      9.9356       9.9517      0.0000            nan          nan     1.6938        1.6556     2.5383      3.5028        0.5451      0.1653            nan          nan     0.0000        0.0000     0.0489      0.0000        0.0000      0.0331            nan          nan     0.0000        0.0000     0.0000      0.0000        0.0000      0.0000            nan          nan     0.0000        0.0000     0.0000      0.0000        0.0000
 20210327  10.0752     10.0528      10.0752      0.2583            nan          nan     1.7750        1.5361     2.3160      3.5646        0.5458      0.1483            nan          nan     0.0000        0.0000     0.0000      0.0000        0.0000      0.0000            nan          nan     0.0000        0.0000     0.0000      0.0000        0.0000      0.0000            nan          nan     0.0000        0.0000     0.0000      0.0000        0.0000
 20210330  10.1659     10.1722      10.1659      0.0931            nan       0.5729     1.6611        1.6049     2.1938      3.5014        0.5451      0.0886            nan       0.0000     0.1417        0.0000     0.0000      0.0000        0.0000      0.0000            nan       0.0000     0.1083        0.0811     0.0000      0.0000        0.0000      0.0000            nan       0.0000     0.0000        0.0000     0.0000      0.0000        0.0000
 20210402  10.2548     10.2509      10.2548      0.2007            nan          nan     1.5889        2.3606     1.9580      3.5193        0.5701      0.1469            nan          nan     0.0000        0.0000     0.0000      0.0000        0.0000      0.0331            nan          nan     0.0000        0.0000     0.0000      0.0000        0.0000      0.0000            nan          nan     0.0000        0.0000     0.2481      0.0000        0.0000
 20210405  10.3418     10.3444      10.3418      0.1236            nan       0.5403     1.6667        2.1819     2.1896      3.6424           nan      0.0854            nan       0.0000     0.0000        0.0643     0.0000      0.0000           nan      0.0000            nan       0.0000     0.0000        0.0000     0.0000      0.0000           nan      0.0000            nan       0.0000     0.0000        0.0000     0.0000      0.0000           nan
 20210408  10.4270     10.4208      10.4270      0.2417            nan          nan     1.9872        1.8476     2.2056      3.5160        0.4847      0.1483            nan          nan     0.0858        0.0000     0.0000      0.0000        0.0000      0.0000            nan          nan     0.0000        0.0000     0.0000      0.0000        0.0000      0.0000            nan          nan     0.0000        0.0000     0.0000      0.0000        0.0000
 20210411  10.5102     10.5031      10.5102      0.0681            nan       0.5319     2.1160        1.7521     2.4490      3.5187           nan      0.1303            nan       0.0000     0.0000        0.0000     0.0000      0.0000           nan      0.0000            nan       0.0000     0.0000        0.0000     0.0000      0.0000           nan      0.0000            nan       0.0000     0.0000        0.0000     0.0000      0.0000           nan
 20210414  10.5912     10.5722      10.5912      0.2007            nan          nan     2.4318        2.1508     2.1868      3.6021           nan      0.0000            nan          nan     0.0000        0.1081     0.1694      0.0000           nan      0.0000            nan          nan     0.0000        0.0000     0.0997      0.0000           nan      0.0000            nan          nan     0.0000        0.0000     0.0000      0.0000           nan
 20210417  10.6700     10.6701      10.6700      0.1924            nan       0.5319     1.8778        1.9187     2.1993      3.5215        0.4285      0.0000            nan       0.0000     0.0000        0.2942     0.0000      0.0000        0.0000      0.0000            nan       0.0000     0.0000        0.0750     0.0000      0.0000        0.0000      0.0000            nan       0.0000     0.0000        0.0000     0.0000      0.0000        0.0000
 20210420  10.7465     10.8009      10.7465      0.2002            nan          nan     2.2578        1.9097     2.2071      3.5293        0.6136      0.0000            nan          nan     0.0000        0.0000     0.0000      0.0000        0.0000      0.0000            nan          nan     0.0000        0.0000     0.0000      0.0000        0.0000      0.2002            nan          nan     2.2578        1.7704     1.8511      3.5293        0.4678
 20210424  10.8446     10.8229      10.8446      0.1653            nan       0.5417     2.2167        0.7465     2.3076      3.5194        1.3257      0.0472            nan       0.0000     0.0000        0.2442     0.0000      0.0000        0.0000      0.0000            nan       0.0000     0.0000        0.1083     0.0000      0.0000        0.0000      0.0000            nan       0.0000     0.0000        0.0000     0.0000      0.0000        0.0000
 20210426  10.8920     10.8972      10.8920      0.4042         0.1667          nan     3.2097        1.7389     2.1819      3.1958           nan      0.0000         0.1153          nan     0.0000        0.1192     0.0000      0.0000           nan      0.0000         0.0000          nan     0.0000        0.0000     0.0000      0.0000           nan      0.0000         0.0000          nan     0.0000        0.0000     0.0000      0.0000           nan
 20210428  10.9382     10.9458      10.9382      0.2042         0.3542       0.5736     3.6274        0.9171     2.1090      3.1604           nan      0.0000         0.1178       0.0000     0.0000        0.1192     0.0000      0.0000           nan      0.0000         0.0000       0.0000     0.0000        0.0000     0.0000      0.0000           nan      0.0000         0.0000       0.0000     0.0000        0.0000     0.0000      0.0000           nan
 20210502  11.0270     11.0667      11.0270      0.1236         0.4104          nan     3.1979        1.3972     2.2243      3.4174        0.2958      0.0889         0.0000          nan     0.0000        0.0650     0.1167      0.0000        0.0000      0.0000         0.0000          nan     0.0000        0.0625     0.1497      0.0000        0.0000      0.0000         0.0000          nan     0.0000        0.0000     0.0000      0.0000        0.0000
 20210505  11.0902     11.0643      11.0902      0.2174            nan       0.5479     3.4979        1.2865     2.2222      3.2424           nan      0.0000            nan       0.0000     0.0000        0.0000     0.0000      0.0000           nan      0.0000            nan       0.0000     0.0000        0.0000     0.0000      0.0000           nan      0.0000            nan       0.0000     0.0000        0.0000     0.0000      0.0000           nan
 20210508  11.1504     11.1717      11.1504      0.2090         0.4172          nan     3.5279        1.2415     2.2132      3.4461           nan      0.0000         0.0000          nan     0.0000        0.0000     0.0997      0.0000           nan      0.0000         0.0000          nan     0.0000        0.0000     0.0000      0.0000           nan      0.0000         0.0000          nan     2.2856        0.2786     0.0000      2.1556           nan
 20210511  11.2075     11.2178      11.2075      0.2828            nan       0.6128     3.6892        1.1409     2.2911      3.1349        0.0661      0.0000            nan       0.0000     0.0000        0.1275     0.0000      0.0000        0.0000      0.0000            nan       0.0000     0.0000        0.0000     0.0000      0.0000        0.0000      0.0738            nan       0.0698     0.0000        0.0738     0.0738      0.0738        0.0338
 20210514  11.2612     11.2640      11.2612      0.2848         0.4139       0.0508     3.3843        1.2984     2.3042      2.9758        0.5518      0.0000         0.0000       0.0000     0.0000        0.0296     0.0000      0.0000        0.0000      0.0000         0.0000       0.0000     0.0000        0.0000     0.0000      0.0000        0.0000      0.0508         0.0000       0.0508     0.0000        0.0508     0.0508      0.0508        0.0278
 20210517  11.3115     11.3103      11.3115      0.3751            nan       0.6925     3.4556        1.1707     1.9008      3.5578        0.1578      0.0000            nan       0.0000     0.0000        0.1192     0.0000      0.0000        0.0000      0.0000            nan       0.0000     0.0000        0.0000     0.0000      0.0000        0.0000      0.1578            nan       0.1578     0.0000        0.1578     0.1578      0.1578        0.1578
 20210521  11.3728     11.3833      11.3728      0.2507            nan          nan     3.0083        0.9799     3.3153      2.9340        0.8951      0.0000            nan          nan     0.1583        0.1192     0.0000      0.0000        0.0000      0.0000            nan          nan     0.1775        0.0000     0.0000      0.0000        0.0000      0.0000            nan          nan     0.0000        0.0000     0.0000      0.0000        0.0000
 20210523  11.4009     11.3896      11.4009      0.2257            nan       0.5312     3.3722        0.7917     2.8090      3.6597           nan      0.0000            nan       0.0000     0.1667        0.0629     0.0000      0.0000           nan      0.0000            nan       0.0000     0.0667        0.0000     0.0000      0.0000           nan      0.0000            nan       0.0000     0.0000        0.0000     0.0000      0.0000           nan
 20210526  11.4397     11.4306      11.4397      0.0764            nan          nan     3.6110        0.8438     3.7960      3.1035           nan      0.1303            nan          nan     0.1583        0.0000     0.0000      0.0000           nan      0.0000            nan          nan     0.1083        0.0000     0.0514      0.0000           nan      0.0000            nan          nan     0.0000        0.0000     0.0000      0.0000           nan
 20210529  11.4746         nan          nan         nan            nan          nan        nan           nan        nan         nan           nan         nan            nan          nan        nan           nan        nan         nan           nan         nan            nan          nan        nan           nan        nan         nan           nan         nan            nan          nan        nan           nan        nan         nan           nan
 20210601  11.5054         nan          nan         nan            nan          nan        nan           nan        nan         nan           nan         nan            nan          nan        nan           nan        nan         nan           nan         nan            nan          nan        nan           nan        nan         nan           nan         nan            nan          nan        nan           nan        nan         nan           nan
 20210604   5.7659         nan          nan         nan            nan          nan        nan           nan        nan         nan           nan         nan            nan          nan        nan           nan        nan         nan           nan         nan            nan          nan        nan           nan        nan         nan           nan         nan            nan          nan        nan           nan        nan         nan           nan
 20210607   5.7770         nan          nan         nan            nan          nan        nan           nan        nan         nan           nan         nan            nan          nan        nan           nan        nan         nan           nan         nan            nan          nan        nan           nan        nan         nan           nan         nan            nan          nan        nan           nan        nan         nan           nan
 20210610   5.7858         nan          nan         nan            nan          nan        nan           nan        nan         nan           nan         nan            nan          nan        nan           nan        nan         nan           nan         nan            nan          nan        nan           nan        nan         nan           nan         nan            nan          nan        nan           nan        nan         nan           nan