         assigned_program t_dark t_twi1 t_twi2 t_twi3 t_down
 DDF                      2.3160 0.0000 0.0000 0.0000 0.0000
 DEBASS                   1.5118 0.0243 0.0000 0.0000 0.0000
 DESI                     3.5646 0.0000 0.0000 0.0000 0.0000
 EtaCar                   0.5458 0.0000 0.0000 0.0000 0.0000
 Shen                     0.0000 0.2167 0.1900 0.0000 0.0000
 YSE                      1.4785 0.2715 0.0250 0.0000 0.0000
 STANDARDS1               0.0000 0.0000 0.0000 0.0833 0.0000
 STANDARDS2               0.0000 0.0000 0.0569 0.0000 0.0000
 TECHSETUP1               0.0000 0.0000 0.0000 0.0328 0.0000
 total time used (hr)     9.4167 0.5125 0.2719 0.1161 0.0000
 total time avail. (hr)   9.4551 0.4653 0.4639    nan    nan