#expid  ra     dec   ut  fil time secz  psf  sky  cloud  teff Object
1219292 192.1 -27.6 22:45  r    5 1.00  2.94  4.31  0.61  0.00 pointing
1219293 192.1 -27.6 22:47  r   30 1.00  1.51  3.78 -0.01  0.01 pointing
1219294 192.1 -27.6 22:51  r    5 1.00  1.15  3.13  0.01  0.04 pointing
1219295 208.3   5.1 22:56  z   50 1.24  1.44  1.57  0.07  0.09 A1809
1219296 208.3   5.2 22:57  z   50 1.24  1.36  1.42  0.00  0.11 A1809
1219297 208.4   5.2 22:58  z   50 1.24  1.34  1.36  0.08  0.12 A1809
1219298 208.3   5.2 23:00  z   50 1.24  1.29  1.27 -0.01  0.14 A1809
1219299 208.2   5.2 23:01  z   50 1.24  1.37  1.22  0.00  0.13 A1809
1219300 208.2   5.1 23:02  z   50 1.24  1.44  1.20  0.03  0.12 A1809
1219301 208.2   5.1 23:04  z   50 1.23  1.42  1.15  0.04  0.13 A1809
1219302 208.3   5.1 23:05  z   50 1.23  1.36  1.14 -0.08  0.14 A1809
1219303 208.3   5.1 23:06  z   50 1.23  1.39  1.12 -0.08  0.14 A1809
1219304 208.3   5.1 23:08  z   50 1.23  1.43  1.12 -0.05  0.13 A1809
1219305 208.4   5.1 23:09  z   50 1.23  1.44  1.12 -0.02  0.13 A1809
1219306 208.4   5.2 23:10  z   50 1.23  1.39  1.12  0.04  0.14 A1809
1219307 208.3   5.2 23:12  z   50 1.23  1.35  1.10 -0.05  0.15 A1809
1219308 208.2   5.2 23:13  z   50 1.23  1.33  1.14 -0.02  0.15 A1809
1219309 208.2   5.1 23:14  z   50 1.23  1.30  1.14  0.25  0.14 A1809
1219310 208.2   5.1 23:16  z   50 1.23  1.21  1.14  0.43  0.12 A1809
1219311 208.3   5.1 23:17  z   50 1.23  1.15  1.15  0.44  0.13 A1809
1219312 208.3   5.1 23:18  z   50 1.23  1.11  1.15  0.50  0.12 A1809
1219313 203.2 -25.3 23:23  u  225 1.00  1.37 -3.23 -0.23 11.21 RXCJ1332.9-2519
1219314 203.3 -25.3 23:27  u  225 1.00  1.32 -3.23 -0.18 12.08 RXCJ1332.9-2519
1219315 203.2 -25.3 23:31  u  225 1.01  1.23 -3.23 -0.06 13.91 RXCJ1332.9-2519
1219316 203.1 -25.4 23:36  u  225 1.01  1.20 -3.23  0.11 14.61 RXCJ1332.9-2519
1219317 203.3 -25.4 23:40  u  225 1.01  1.36 -3.23  0.13 11.38 RXCJ1332.9-2519
1219318 230.8   8.6 23:46  u  225 1.37  0.22 -3.23  1.53 37.52 A2063
1219319 230.8   8.7 23:50  u  225 1.36  0.87 -3.23  1.60  2.11 A2063
1219320 230.7   8.7 23:55  u  225 1.35  0.79 -3.23  1.93  1.39 A2063
1219321 230.7   8.6 23:59  u  225 1.34  0.53 -3.23  2.21  1.85 A2063
1219322 230.8   8.6 00:03  u  225 1.33  0.68 -3.23  2.37  0.84 A2063
1219323 230.8   8.6 00:07  u  225 1.33                         A2063
1219324 230.8   8.7 00:12  u  225 1.32                         A2063
1219325 230.7   8.7 00:16  u  225 1.31                         A2063
1219326 230.7   8.6 00:20  u  225 1.31  0.55 -3.28  2.66  0.78 A2063
1219327 230.8   8.6 00:24  u  225 1.30  1.22 -3.28  2.79  0.13 A2063
1219328 193.6 -29.0 00:30  u  225 1.10  1.53 -3.23  1.16  1.53 A3528
1219329 193.7 -29.0 00:35  u  225 1.11  1.36 -3.28  0.96  2.94 A3528
1219330 150.5 -34.8 00:48  g    3 1.66                         2023mdv_P1
1219331 150.5 -34.8 00:48  r    3 1.66                         2023mdv_P1
1219332 150.5 -34.8 00:50  i    3 1.66                         2023mdv_P1
1219333 178.3 -17.8 00:53  g   25 1.45  1.23  1.11  1.67  0.02 2023bu
1219334 178.3 -17.8 00:54  i   25 1.46  1.06  1.08  1.91  0.01 2023bu
1219335 178.3 -17.8 00:55  r   25 1.46  1.20  1.42  2.21  0.00 2023bu
1219336 184.6 -12.5 00:56  g   15 1.40  1.39  1.14  2.20  0.00 2023mjr_P1
1219337 184.6 -12.5 00:57  r   15 1.40  1.41  1.40  2.30  0.00 2023mjr_P1
1219338 184.6 -12.5 00:58  i   15 1.40  1.29  1.03  2.10  0.01 2023mjr_P1
1219339 199.0 -16.1 00:59  g   25 1.17  1.33  0.90  2.15  0.01 2023huy
1219340 199.0 -16.1 01:00  r   25 1.17  1.19  1.21  2.27  0.00 2023huy
1219341 199.0 -16.1 01:01  i   25 1.17  1.06  0.94  2.29  0.01 2023huy
1219342 213.4 -45.3 01:03  g   25 1.07  1.43  0.86  2.85  0.00 2023hym
1219343 213.4 -45.3 01:04  r   25 1.07  1.33  1.08  3.04  0.00 2023hym
1219344 213.4 -45.3 01:04  i   25 1.07  1.07  0.88  3.12  0.00 2023hym
1219345 228.7 -24.5 01:07  g   15 1.01  1.35  0.77  2.92  0.00 2023mkt_P1
1219346 228.7 -24.5 01:07  r   15 1.01  1.33  1.05  2.98  0.00 2023mkt_P1
1219347 228.7 -24.5 01:08  i   15 1.01  1.82  0.87  2.88  0.00 2023mkt_P1
1219348 228.7 -24.5 01:09  z   15 1.01  1.11  0.95  4.13  0.00 2023mkt_P1
1219349 207.9  -0.3 01:10  g   30 1.26                         2023hzy_P2
1219350 207.9  -0.3 01:11  r   30 1.27  1.39  1.31  3.28  0.00 2023hzy_P2
1219351 207.9  -0.3 01:12  i   30 1.27  1.46  0.98  3.20  0.00 2023hzy_P2
1219352 207.9  -0.3 01:13  z   30 1.27  1.35  1.03 99.00 -1.00 2023hzy_P2
1219353 212.7   9.7 01:15  g   15 1.40                         2023mjq_P1
1219354 212.7   9.7 01:16  r   15 1.40                         2023mjq_P1
1219355 217.5  10.9 01:16  g   15 1.39                         2023mgq_P2
1219356 217.5  10.9 01:17  r   15 1.39  0.26  1.39  4.60  0.00 2023mgq_P2
1219357 217.5  10.9 01:18  i   15 1.39  1.40  0.99  4.29  0.00 2023mgq_P2
1219358 208.9  16.7 01:19  g   15 1.65                         2023jvj_P1
1219359 208.9  16.7 01:20  r   15 1.66                         2023jvj_P1
1219360 208.9  16.7 01:20  i   15 1.66                         2023jvj_P1
1219361 208.9  16.7 01:21  z   15 1.66                         2023jvj_P1
1219362 206.0  19.0 01:22  g   15 1.81                         2023mhs_P2
1219363 206.0  19.0 01:22  r   15 1.81                         2023mhs_P2
1219364 206.0  19.0 01:23  i   15 1.81                         2023mhs_P2
1219365 222.0  18.4 01:24  g   15 1.56                         2023kbu_P1
1219366 222.0  18.4 01:25  r   15 1.56                         2023kbu_P1
1219367 222.0  18.4 01:26  i   15 1.56                         2023kbu_P1
1219368 222.0  18.4 01:26  z   15 1.57                         2023kbu_P1
1219369 223.4  19.7 01:27  g   30 1.60                         2023jgq_P2
1219370 223.4  19.7 01:28  r   30 1.60                         2023jgq_P2
1219371 223.4  19.7 01:29  i   30 1.60                         2023jgq_P2
1219372 223.4  19.7 01:30  z   30 1.60                         2023jgq_P2
1219373 226.0  11.3 01:31  g   15 1.36                         2023mbz_P2
1219374 226.0  11.3 01:32  r   15 1.36                         2023mbz_P2
1219375 226.0  11.3 01:33  i   15 1.36                         2023mbz_P2
1219376 220.5   8.0 01:34  g   50 1.34                         DESIRT 1149
1219377 220.5   8.0 01:35  r   70 1.34                         DESIRT 1149
1219378 222.1   8.0 01:37  g   50 1.33                         DESIRT 1136
1219379 222.1   8.0 01:38  r   70 1.33                         DESIRT 1136
1219380 223.8   8.0 01:40  g   50 1.32  0.39  0.99  4.67  0.00 DESIRT 1124
1219381 223.8   8.0 01:41  r   70 1.33                         DESIRT 1124
1219382 225.5   8.0 01:43  g   50 1.32                         DESIRT 1114
1219383 225.5   8.0 01:44  r   70 1.32                         DESIRT 1114
1219384 227.1   8.0 01:46  g   50 1.31  0.38  0.94  4.55  0.00 DESIRT 1105
1219385 227.1   8.0 01:47  r   70 1.31  1.75  1.28  4.79  0.00 DESIRT 1105
1219386 228.8   8.0 01:49  g   50 1.31  1.50  0.93  4.43  0.00 DESIRT 70
1219387 228.8   8.0 01:50  r   70 1.31  1.38  1.26  4.55  0.00 DESIRT 70
1219388 227.7   6.4 01:52  g   50 1.29  0.53  0.94  4.98  0.00 DESIRT 1106
1219389 227.7   6.4 01:53  r   70 1.29                         DESIRT 1106
1219390 226.1   6.4 01:55  g   50 1.31                         DESIRT 1115
1219391 226.1   6.4 01:56  r   70 1.31  1.52  1.27  4.90  0.00 DESIRT 1115
1219392 224.4   6.5 01:58  g   50 1.33                         DESIRT 1125
1219393 224.4   6.5 01:59  r   70 1.33  1.48  1.28  4.79  0.00 DESIRT 1125
1219394 222.8   6.4 02:00  g   50 1.35  1.58  1.03  4.69  0.00 DESIRT 1137
1219395 222.8   6.4 02:02  r   70 1.35  1.51  1.28  4.11  0.00 DESIRT 1137
1219396 211.2   3.0 02:04  g   50 1.46  0.83  1.16  4.71  0.00 477.A.a
1219397 211.2   6.1 02:05  g   50 1.53                         477.B.a
1219398 214.3   3.0 02:07  g   50 1.41  0.80  1.10  4.24  0.00 477.C.a
1219399 214.3   6.1 02:08  g   50 1.48                         477.D.a
1219400 217.4   3.0 02:09  g   50 1.38  1.47  1.03  3.74  0.00 477.E.a
1219404 223.9 -11.5 04:28  g   50 1.81  2.31  2.44  0.21  0.02 376.C.a
1219405 223.9  -8.4 04:29  g   50 1.90  2.18  2.51  0.18  0.02 376.D.a
1219406 227.0 -11.5 04:31  g   50 1.72  2.01  2.38  0.14  0.03 376.E.a
1219407 227.0  -8.4 04:32  g   50 1.80  2.15  2.44  0.16  0.02 376.F.a
1219408 220.7  -8.4 04:33  r   50 2.12  2.10  1.82  0.07  0.04 376.B.a
1219409 223.9 -11.5 04:35  r   50 1.88  2.01  1.70  0.08  0.05 376.C.a
1219410 223.9  -8.4 04:36  r   50 1.99  2.06  1.74  0.09  0.04 376.D.a
1219411 227.0 -11.5 04:37  r   50 1.78  2.03  1.63  0.01  0.05 376.E.a
1219412 227.0  -8.4 04:39  r   50 1.87  2.16  1.66  0.10  0.04 376.F.a
1219413 240.2 -31.3 04:41  g   30 1.27  2.09  2.09  0.11  0.03 2023inb_P1
1219414 240.2 -31.3 04:42  r   30 1.28  1.86  1.30 -0.10  0.08 2023inb_P1
1219415 240.2 -31.3 04:43  i   30 1.28  1.64  0.81 -0.18  0.14 2023inb_P1
1219416 240.2 -31.3 04:44  z   30 1.28  1.66  0.75  0.00  0.14 2023inb_P1
1219417 257.2  19.3 04:47  g   25 1.83  2.27  2.30  0.15  0.02 2023gxf
1219418 257.2  19.3 04:48  r   25 1.83  1.99  1.51  0.05  0.06 2023gxf
1219419 257.2  19.3 04:49  i   25 1.84  1.64  0.99 -0.30  0.12 2023gxf
1219420 263.3   7.0 04:50  g   30 1.38  1.57  2.06  0.12  0.06 2023iks_P2
1219421 263.3   7.0 04:51  r   30 1.39  1.45  1.27  0.03  0.13 2023iks_P2
1219422 263.3   7.0 04:52  i   30 1.39  1.37  0.78 -0.22  0.21 2023iks_P2
1219423 263.3   7.0 04:53  z   30 1.39  1.28  0.91  0.11  0.20 2023iks_P2
1219424 270.4 -16.3 04:55 VR  100 1.08                         pos2a
1219425 270.4 -16.3 04:57 VR  100 1.08  1.43  1.03 -0.43  0.17 pos2a
1219426 270.4 -16.3 04:59 VR  100 1.08                         pos2b
1219427 270.4 -16.3 05:01 VR  100 1.08                         pos2b
1219428 270.4 -22.0 05:04 VR  100 1.06                         pos10a
1219429 270.4 -22.0 05:06 VR  100 1.07                         pos10a
1219430 270.4 -22.0 05:08 VR  100 1.07  1.19  1.02 -0.38  0.24 pos10b
1219431 270.4 -22.0 05:10 VR  100 1.07                         pos10b
1219432 270.4 -23.9 05:12 VR  100 1.07                         pos11a
1219433 270.4 -23.9 05:14 VR  100 1.07                         pos11a
1219434 270.4 -23.9 05:17 VR  100 1.08                         pos11b
1219435 270.4 -23.9 05:19 VR  100 1.08  1.15  1.02  0.04  0.26 pos11b
1219436 270.9 -29.5 05:23  g   96 1.07                         DECaPS-East
1219437 270.9 -29.5 05:25  r   50 1.08                         DECaPS-East
1219438 270.9 -29.5 05:26  i   30 1.08                         DECaPS-East
1219439 270.9 -29.5 05:27  z   30 1.08                         DECaPS-East
1219440 270.9 -29.5 05:28  g   96 1.08                         DECaPS-East
1219441 270.9 -29.5 05:30  r   50 1.08                         DECaPS-East
1219442 270.9 -29.5 05:31  i   30 1.09                         DECaPS-East
1219443 270.9 -29.5 05:32  z   30 1.09                         DECaPS-East
1219444 270.9 -29.5 05:33  g   96 1.09                         DECaPS-East
1219445 270.9 -29.5 05:35  r   50 1.09                         DECaPS-East
1219446 270.9 -29.5 05:37  i   30 1.10                         DECaPS-East
1219447 270.9 -29.5 05:38  z   30 1.10                         DECaPS-East
1219448 270.9 -29.5 05:39  g   96 1.10                         DECaPS-East
1219449 270.9 -29.5 05:41  r   50 1.10                         DECaPS-East
1219450 270.9 -29.5 05:42  i   30 1.11                         DECaPS-East
1219451 270.9 -29.5 05:43  z   30 1.11                         DECaPS-East
1219452 270.9 -29.5 05:44  g   96 1.11                         DECaPS-East
1219453 270.9 -29.5 05:46  r   50 1.12                         DECaPS-East
1219454 270.9 -29.5 05:48  i   30 1.12                         DECaPS-East
1219455 270.9 -29.5 05:49  z   30 1.12                         DECaPS-East
1219456 270.9 -29.5 05:50  g   96 1.12                         DECaPS-East
1219457 270.9 -29.5 05:52  r   50 1.13                         DECaPS-East
1219458 270.9 -29.5 05:53  i   30 1.13                         DECaPS-East
1219459 270.9 -29.5 05:54  z   30 1.13                         DECaPS-East
1219460 296.9 -58.4 05:56  g   15 1.14  1.45  2.03  0.01  0.07 2023kin_P1
1219461 296.9 -58.4 05:57  r   15 1.14  1.32  1.13 -0.04  0.18 2023kin_P1
1219462 296.9 -58.4 05:57  i   15 1.14  1.24  0.43 -0.24  0.35 2023kin_P1
1219463 296.9 -58.4 05:58  z   15 1.14  1.20  0.29 -0.09  0.40 2023kin_P1
1219464 302.3   5.2 06:01  g   25 1.23  1.23  2.30  0.07  0.08 2023hcx
1219465 302.3   5.2 06:02  r   25 1.23  1.07  1.42 -0.06  0.21 2023hcx
1219466 302.3   5.2 06:03  i   25 1.23  1.06  0.65 -0.21  0.40 2023hcx
1219467 311.0  -4.2 06:04  i   50 1.12  1.19  0.68 -0.30  0.31 440.A.a
1219468 311.0  -0.5 06:06  i   50 1.16  1.45  0.71 -0.28  0.20 440.B.a
1219469 314.1  -4.2 06:07  i   50 1.12  1.19  0.73 -0.23  0.29 440.C.a
1219470 314.8  -0.9 06:08  i   50 1.16  1.25  0.77 -0.24  0.26 440.D.a
1219471 317.2  -4.2 06:10  i   50 1.13  1.42  0.79 -0.17  0.19 440.E.a
1219472 317.9  -0.9 06:11  i   50 1.17  1.65  0.81 -0.26  0.14 440.F.a
1219473 311.0  -4.2 06:13  z   50 1.11  1.52  0.21 -0.14  0.27 440.A.a
1219474 311.0  -0.5 06:14  z   50 1.15  1.91  0.20 -0.12  0.17 440.B.a
1219475 314.1  -4.2 06:15  z   50 1.12  1.60  0.30 -0.10  0.22 440.C.a
1219476 314.8  -0.9 06:17  z   50 1.15  1.46  0.32 -0.09  0.26 440.D.a
1219477 317.2  -4.2 06:18  z   50 1.12  1.45  0.41 -0.05  0.25 440.E.a
1219478 317.9  -0.9 06:19  z   50 1.16  1.50  0.39 -0.07  0.24 440.F.a
1219479 318.3  -5.2 06:21  g    3 1.11  1.52  2.45  0.03  0.04 2023mgy_P1
1219480 318.3  -5.2 06:21  r    3 1.11  1.48  1.64 -0.09  0.09 2023mgy_P1
1219481 318.3  -5.2 06:22  i    3 1.11  1.58  0.72 -0.14  0.17 2023mgy_P1
1219482 318.3  -5.2 06:22  z    3 1.11  1.66  0.33 -0.03  0.20 2023mgy_P1
1219483 329.6  -4.7 06:23  r   70 1.17  1.33  2.05  0.01  0.08 DESIRT 11840
1219484 331.3  -4.7 06:25  r   70 1.18  1.65  2.12  0.07  0.05 DESIRT 11859
1219485 330.5  -3.1 06:27  r   70 1.19  1.73  2.10 -0.01  0.04 DESIRT 11860
1219486 333.0  -4.7 06:28  r   70 1.18  1.85  2.19  0.01  0.03 DESIRT 11875
1219487 332.2  -3.1 06:30  r   70 1.19  1.58  2.17 -0.01  0.05 DESIRT 11876
1219488 334.7  -4.6 06:32  r   70 1.19  1.71  2.27 -0.02  0.04 DESIRT 11888
1219489 333.9  -3.1 06:33  r   70 1.20  1.42  2.26 -0.02  0.05 DESIRT 11889
1219490 335.6  -3.1 06:35  r   70 1.21  1.43  2.40  0.01  0.05 DESIRT 11899
1219491 336.4  -4.6 06:37  r   70 1.20  1.32  2.76 -0.02  0.04 DESIRT 14010
1219492 337.3  -3.0 06:38  r   70 1.22  1.29  2.77  0.01  0.04 DESIRT 14018
1219493 329.6  -4.7 06:40  z  110 1.14  1.36  0.52 -0.09  0.25 DESIRT 11840
1219494 331.3  -4.7 06:43  z  110 1.15  1.24  0.69 -0.08  0.26 DESIRT 11859
1219495 330.5  -3.1 06:45  z  110 1.16  1.11  0.56 -0.01  0.37 DESIRT 11860
1219496 333.0  -4.7 06:47  z  110 1.15  1.08  0.62 -0.04  0.37 DESIRT 11875
1219497 332.2  -3.1 06:50  z  110 1.16  1.09  0.63 -0.01  0.36 DESIRT 11876
1219498 334.7  -4.6 06:52  z  110 1.16  1.09  1.56 -0.03  0.15 DESIRT 11888
1219499 333.9  -3.1 06:54  z  110 1.16  1.02  0.67 -0.01  0.39 DESIRT 11889
1219500 335.6  -3.1 06:57  z  110 1.17  1.15  0.75 -0.04  0.29 DESIRT 11899
1219501 336.4  -4.6 06:59  z  110 1.16  1.07  0.81  0.01  0.31 DESIRT 14010
1219502 337.3  -3.0 07:01  z  110 1.17  1.18  0.87 -0.04  0.24 DESIRT 14018
1219503 326.5  14.2 07:04  g   15 1.41  1.40  2.74  0.08  0.04 2023jsb_P1
1219504 326.5  14.2 07:05  r   15 1.41  1.33  1.93 -0.01  0.08 2023jsb_P1
1219505 326.5  14.2 07:06  i   15 1.41  1.40  1.10 -0.22  0.15 2023jsb_P1
1219506 326.5  14.2 07:06  z   15 1.41  1.22  0.73 -0.09  0.26 2023jsb_P1
1219507 346.8  21.3 07:08  r   15 1.82  1.44  2.57 -0.04  0.04 2023mjx_P2
1219508 346.8  21.3 07:09  i   15 1.82  1.39  2.28 -0.08  0.05 2023mjx_P2
1219509 346.8  21.3 07:09  z   15 1.82  1.38  1.71  0.01  0.08 2023mjx_P2
1219510 348.5  14.0 07:10  i   15 1.58  1.26  2.94 -0.12  0.03 2023lxj_P1
1219511 348.5  14.0 07:11  z   15 1.58  1.71  2.20  0.23  0.03 2023lxj_P1
1219512 318.7   9.5 07:13  i   50 1.31  1.24  0.93 -0.24  0.22 544.A.a
1219513 318.5  13.3 07:14  i   50 1.38  1.17  0.94 -0.28  0.25 544.B.a
1219514 321.9   9.5 07:16  i   50 1.30  1.13  0.98 -0.25  0.26 544.C.a
1219515 321.7  12.6 07:17  i   50 1.37  1.19  1.03 -0.20  0.22 544.D.a
1219516 325.1   9.5 07:18  i   50 1.30  1.17  1.06 -0.25  0.22 544.E.a
1219517 324.9  12.6 07:20  i   50 1.36  1.12  1.08 -0.21  0.24 544.F.a
1219518 318.7   9.5 07:21  z   50 1.31  1.15  0.62 -0.11  0.32 544.A.a
1219519 318.5  13.3 07:22  z   50 1.39  1.07  0.60 -0.11  0.38 544.B.a
1219520 321.9   9.5 07:24  z   50 1.30  1.10  0.68 -0.12  0.33 544.C.a
1219521 321.7  12.6 07:25  z   50 1.37  1.08  0.66 -0.08  0.35 544.D.a
1219522 325.1   9.5 07:27  z   50 1.30  1.10  0.64 -0.09  0.35 544.E.a
1219523 324.9  12.6 07:28  z   50 1.37  1.05  0.71 -0.08  0.36 544.F.a
1219524 326.2   3.4 07:30  i   50 1.20  1.06  1.00 -0.19  0.29 494.A.a
1219525 328.2   6.5 07:31  i   50 1.25  1.02  1.10 -0.19  0.28 494.B.a
1219526 330.8   3.0 07:32  i   50 1.20  0.97  1.12 -0.16  0.31 494.C.a
1219527 331.3   6.1 07:34  i   50 1.24  1.10  1.16 -0.16  0.23 494.D.a
1219528 334.2   0.3 07:35  i   50 1.17  1.06  1.21 -0.11  0.24 494.E.a
1219529 346.9   9.3 07:37  i   50 1.37  1.07  2.42 -0.09  0.08 494.F.2021aabp
1219530 326.2   3.4 07:39  z   50 1.20  1.09  0.62 -0.06  0.36 494.A.a
1219531 328.2   6.5 07:41  z   50 1.25  1.03  0.69 -0.07  0.38 494.B.a
1219532 330.8   3.0 07:42  z   50 1.20  1.07  0.69 -0.09  0.35 494.C.a
1219533 331.3   6.1 07:43  z   50 1.24  1.05  0.69 -0.07  0.36 494.D.a
1219534 334.2   0.3 07:45  z   50 1.16  1.07  0.69 -0.04  0.35 494.E.a
1219535 346.9   9.3 07:47  z   50 1.35  1.04  1.77 -0.02  0.14 494.F.2021aabp
1219536   7.9 -43.0 07:50  g   60 1.16  1.16  2.46  0.06  0.08 ELAIS-E1
1219537   7.9 -43.0 07:51  r   86 1.16  1.07  1.60  0.03  0.18 ELAIS-E1
1219538   7.9 -43.0 07:53  i  130 1.16  1.04  0.83  0.11  0.35 ELAIS-E1
1219539   9.5 -44.0 07:56  g   60 1.17  1.25  2.44  0.08  0.07 ELAIS-E2
1219540   9.5 -44.0 07:57  r   86 1.17  1.35  1.58  0.12  0.11 ELAIS-E2
1219541   9.5 -44.0 07:59  i  130 1.16  1.17  0.84 -0.01  0.27 ELAIS-E2
1219542   7.9 -43.0 08:02  g   60 1.14  1.40  2.44  0.08  0.05 ELAIS-E1
1219543   7.9 -43.0 08:04  r   86 1.14  1.19  1.59  0.06  0.14 ELAIS-E1
1219544   7.9 -43.0 08:05  i  130 1.13  1.12  0.80  0.06  0.31 ELAIS-E1
1219545   9.5 -44.0 08:08  g   60 1.14  1.27  2.42  0.08  0.07 ELAIS-E2
1219546   9.5 -44.0 08:10  r   86 1.14  1.12  1.55  0.09  0.17 ELAIS-E2
1219547   9.5 -44.0 08:11  i  130 1.14  1.20  0.80  0.01  0.27 ELAIS-E2
1219548   7.9 -43.0 08:14  g   60 1.12  1.29  2.42  0.06  0.06 ELAIS-E1
1219549   7.9 -43.0 08:16  r   86 1.12  1.10  1.57  0.05  0.17 ELAIS-E1
1219550   7.9 -43.0 08:18  i  130 1.11  1.14  0.81  0.05  0.30 ELAIS-E1
1219551   9.5 -44.0 08:20  g   60 1.12  1.27  2.40  0.09  0.07 ELAIS-E2
1219552   9.5 -44.0 08:22  r   86 1.12  1.13  1.55  0.09  0.16 ELAIS-E2
1219553   9.5 -44.0 08:24  i  130 1.12  1.13  0.78  0.02  0.31 ELAIS-E2
1219554   7.9 -43.0 08:26  g   60 1.10  1.39  2.41  0.07  0.06 ELAIS-E1
1219555   7.9 -43.0 08:28  r   86 1.10  1.12  1.56  0.06  0.17 ELAIS-E1
1219556   7.9 -43.0 08:30  i  130 1.09  1.35  0.77  0.05  0.22 ELAIS-E1
1219557   9.5 -44.0 08:32  g   60 1.10  1.46  2.39  0.11  0.05 ELAIS-E2
1219558   9.5 -44.0 08:34  r   86 1.10  1.29  1.54  0.11  0.13 ELAIS-E2
1219559   9.5 -44.0 08:36  i  130 1.10  1.13  0.77  0.02  0.31 ELAIS-E2
1219560   7.9 -43.0 08:38  g   60 1.08  1.37  2.40  0.09  0.06 ELAIS-E1
1219561   7.9 -43.0 08:40  r   86 1.08  1.54  1.56  0.12  0.09 ELAIS-E1
1219562   7.9 -43.0 08:42  i  130 1.08  1.10  0.80  0.10  0.32 ELAIS-E1
1219563   9.5 -44.0 08:44  g   60 1.09  1.28  2.38  0.10  0.07 ELAIS-E2
1219564   9.5 -44.0 08:46  r   86 1.08  1.17  1.54  0.11  0.16 ELAIS-E2
1219565   9.5 -44.0 08:48  i  130 1.08  1.27  0.81 -0.01  0.24 ELAIS-E2
1219566  10.7   2.7 08:52  z   50 1.29  1.36  1.85  0.10  0.07 448.A.a
1219567  17.4   4.3 08:54  z   50 1.40  1.38  1.46  0.08  0.10 448.B.a
1219568  13.8   3.0 08:55  z   50 1.32  1.43  1.94  0.18  0.06 448.C.a
1219569  13.8   6.1 08:56  z   50 1.37  1.34  1.66  0.04  0.09 448.D.a
1219570  17.4   1.1 08:58  z   50 1.33  1.25  1.33  0.09  0.14 448.E.a
1219571  20.9   2.8 08:59  z   50 1.40  1.30  1.59 -0.01  0.10 448.F.a
1219572  12.4 -20.1 09:02  z   50 1.08  1.39  0.84  0.01  0.18 296.A.a
1219573  17.4 -18.6 09:03  z   50 1.12  1.32  0.89 -0.01  0.19 296.C.a
1219574  17.4 -15.5 09:04  z   50 1.14  1.39  0.91  0.07  0.17 296.D.a
1219575  20.6 -18.6 09:06  z   50 1.14  1.20  0.93  0.05  0.22 296.E.a
1219576  22.7 -14.3 09:07  z   50 1.19  1.21  0.97 -0.05  0.21 296.F.a
1219577  34.5  -4.9 09:09  g   80 1.47  1.63  2.77  0.09  0.03 SN-X1
1219578  34.5  -4.9 09:11  g   80 1.46  1.55  2.76  0.08  0.03 SN-X1
1219579  34.5  -4.9 09:13  r   70 1.45  1.38  2.00  0.00  0.07 SN-X1
1219580  34.5  -4.9 09:14  r   70 1.44  1.36  1.99  0.01  0.08 SN-X1
1219581  34.5  -4.9 09:16  i   90 1.43  1.33  1.32 -0.09  0.14 SN-X1
1219582  34.5  -4.9 09:18  i   90 1.42  1.28  1.33 -0.09  0.15 SN-X1
1219583  35.7  -6.4 09:20  g   80 1.41  1.45  2.72  0.09  0.04 SN-X2
1219584  35.7  -6.4 09:22  g   80 1.40  1.52  2.71  0.10  0.04 SN-X2
1219585  35.7  -6.4 09:24  r   70 1.40  1.32  1.94  0.04  0.08 SN-X2
1219586  35.7  -6.4 09:25  r   70 1.39  1.42  1.93  0.05  0.07 SN-X2
1219587  35.7  -6.4 09:27  i   90 1.38  2.11  1.31  0.00  0.05 SN-X2
1219588  35.7  -6.4 09:29  i   90 1.37  1.26  1.30 -0.02  0.15 SN-X2
1219589  36.5  -4.6 09:31  g   80 1.40  1.45  2.70  0.07  0.04 SN-X3
1219590  36.5  -4.6 09:33  g   80 1.39  1.43  2.70  0.07  0.04 SN-X3
1219591  36.5  -4.6 09:35  r   70 1.39  1.42  1.95  0.03  0.07 SN-X3
1219592  36.5  -4.6 09:36  r   70 1.38  1.40  1.93  0.02  0.08 SN-X3
1219593  36.5  -4.6 09:38  i   90 1.37  1.30  1.30 -0.14  0.14 SN-X3
1219594  36.5  -4.6 09:40  i   90 1.36  1.32  1.26 -0.15  0.15 SN-X3
1219595  52.7 -28.1 09:43  g   80 1.41  1.42  2.40  0.09  0.05 SN-C3
1219596  52.7 -28.1 09:45  g   80 1.40  1.41  2.40  0.10  0.05 SN-C3
1219597  52.7 -28.1 09:46  r   70 1.39  1.23  1.64  0.06  0.13 SN-C3
1219598  52.7 -28.1 09:48  r   70 1.39  1.23  1.63  0.05  0.13 SN-C3
1219599  52.7 -28.1 09:50  i   90 1.38  1.15  1.20 -0.06  0.20 SN-C3
1219600  52.7 -28.1 09:52  i   90 1.37  1.14  1.18 -0.05  0.21 SN-C3
1219601  45.2 -14.6 09:54  g   50 1.33  1.30  2.49  0.09  0.06 DESIRT WF452-146
1219602  45.2 -14.6 09:55  r   70 1.32  1.21  1.71  0.03  0.12 DESIRT WF452-146
1219603  45.2 -14.6 09:57  z  110 1.32  1.24  1.06  0.09  0.19 DESIRT WF452-146
1219604  45.2 -16.6 09:59  g   50 1.29  1.41  2.44  0.06  0.05 DESIRT WF452-166
1219605  45.2 -16.6 10:01  r   70 1.28  1.19  1.65  0.01  0.14 DESIRT WF452-166
1219606  45.2 -16.6 10:02  z  110 1.28  1.25  1.00  0.08  0.19 DESIRT WF452-166
1219607  48.5 -14.6 10:05  g   50 1.34  1.45  2.45  0.08  0.05 DESIRT WF485-146
1219608  48.5 -14.6 10:06  r   70 1.33  1.22  1.70  0.02  0.12 DESIRT WF485-146
1219609  48.5 -14.6 10:08  z  110 1.33  1.04  1.14  0.07  0.25 DESIRT WF485-146
1219610  48.5 -16.6 10:10  g   50 1.30  1.29  2.41  0.09  0.06 DESIRT WF485-166
1219611  48.5 -16.6 10:12  r   70 1.29  1.10  1.65 -0.03  0.16 DESIRT WF485-166
1219612  48.5 -16.6 10:13  z  110 1.29  1.12  1.15  0.04  0.21 DESIRT WF485-166
1219613  51.8 -14.6 10:16  g   50 1.35  1.29  2.43  0.07  0.06 DESIRT WF518-146
1219614  51.8 -14.6 10:17  r   70 1.34  1.18  1.69 -0.03  0.13 DESIRT WF518-146
1219615  51.8 -14.6 10:19  z  110 1.34  1.08  1.11  0.08  0.23 DESIRT WF518-146
1219616  51.8 -16.6 10:21  g   50 1.31  1.18  2.40  0.07  0.08 DESIRT WF518-166
1219617  51.8 -16.6 10:22  r   70 1.30  1.19  1.67 -0.03  0.13 DESIRT WF518-166
1219618  51.8 -16.6 10:24  z  110 1.30  1.04  1.09  0.08  0.26 DESIRT WF518-166
1219619  55.1 -14.6 10:26  g   50 1.36  1.36  2.49  0.09  0.05 DESIRT WF551-146
1219620  55.1 -14.6 10:27  r   70 1.36  1.33  1.83  0.02  0.09 DESIRT WF551-146
1219621  55.1 -14.6 10:29  z  110 1.35  1.19  1.19  0.06  0.18 DESIRT WF551-146
1219622  55.2 -16.6 10:31  g   50 1.32  1.38  2.61  0.08  0.05 DESIRT WF552-166
1219623  55.2 -16.6 10:33  r   70 1.31  1.25  2.04 -0.04  0.09 DESIRT WF552-166
1219624  55.2 -16.6 10:34  z  110 1.31  1.08  1.35  0.06  0.19 DESIRT WF552-166
1219625  56.8 -15.6 10:37  g   50 1.33  1.27  2.99  0.06  0.04 DESIRT WF568-156
1219626  56.8 -15.6 10:38  r   70 1.33  1.12  2.55  0.01  0.07 DESIRT WF568-156
1219627  56.8 -15.6 10:40  z  110 1.32  1.07  1.78  0.04  0.13 DESIRT WF568-156
1219628  45.2 -14.6 10:43  g   50 1.17  1.50  3.47  0.07  0.02 DESIRT WF452-146
1219629  45.2 -14.6 10:44  r   70 1.17  1.29  3.15  0.01  0.03 DESIRT WF452-146
1219630  45.2 -14.6 10:46  z  110 1.16  1.09  2.27  0.05  0.08 DESIRT WF452-146
1219631  45.2 -16.6 10:48  g   50 1.14  1.31  4.23  0.04  0.01 DESIRT WF452-166
MJD = 60133 (Jul 07/Jul 08)