#expid  ra     dec   ut  fil time secz  psf  sky  cloud  teff Object
989582 126.7 -29.2 22:56  r    5 1.00  1.12  4.33 -0.49  0.01 pointing
989583 126.7 -29.2 22:58  r   30 1.00  1.11  3.97 -0.49  0.02 pointing
989584  53.1 -27.8 23:03  u   30 2.43                         C26202/HST
989585  53.1 -27.8 23:04  g   10 2.45  1.41  5.31  0.33  0.00 C26202/HST
989586  53.1 -27.8 23:05  r   10 2.46                         C26202/HST
989587  53.1 -27.8 23:05  i   10 2.47  1.16  4.20 -0.12  0.01 C26202/HST
989588  53.1 -27.8 23:06  z   10 2.48  1.10  2.82  0.23  0.04 C26202/HST
989589  53.1 -27.8 23:06  Y   20 2.50  1.21  1.93  0.30  0.07 C26202/HST
989590  83.0 -21.9 23:08  Y    5 1.39  1.11  1.21  0.08  0.20 2021jad_P1
989591  83.0 -21.9 23:09  z    2 1.39  1.04  1.79  0.04  0.13 2021jad_P1
989592  83.0 -21.9 23:09  z    2 1.39  1.19  1.74  0.05  0.11 2021jad_P1
989593  83.0 -21.9 23:10  i    2 1.39  1.61  2.68 -0.02  0.03 2021jad_P1
989594  83.0 -21.9 23:10  i    2 1.39  1.15  2.62 -0.20  0.05 2021jad_P1
989595  83.0 -21.9 23:11  r    2 1.40  1.29  3.15  0.13  0.03 2021jad_P1
989596  83.0 -21.9 23:11  r    2 1.40  1.12  3.11  0.14  0.04 2021jad_P1
989597  83.0 -21.9 23:12  g    2 1.40  1.33  3.99  0.20  0.01 2021jad_P1
989598  83.0 -21.9 23:12  g    2 1.40  1.21  3.98  0.20  0.02 2021jad_P1
989599  83.0 -21.9 23:13  u   50 1.41  1.44  0.50 -0.29  0.33 2021jad_P1
989600  90.0 -66.6 23:16  i   90 1.40  1.28  1.71 -0.09  0.10 S-CVZ
989601  90.0 -66.6 23:18  i   90 1.41  1.20  1.66 -0.11  0.12 S-CVZ
989602  90.0 -66.6 23:20  r   70 1.41  1.18  2.60  0.07  0.06 S-CVZ
989603  90.0 -66.6 23:22  r   70 1.42  1.21  2.60  0.08  0.05 S-CVZ
989604  90.0 -66.6 23:23  g   80 1.42  1.27  3.71  1.95  0.00 S-CVZ
#expid  ra     dec   ut  fil time secz  psf  sky  cloud  teff Object
989606  90.0 -66.6 23:30  g   80 1.00                         S-CVZ
989607  90.0 -66.6 23:33  i   90 1.44  1.24  1.60 -0.12  0.12 S-CVZ
989608  90.0 -66.6 23:35  g   80 1.45  1.35  3.77  0.14  0.02 S-CVZ
989609  90.0 -66.6 23:37  g   80 1.45  1.25  3.79  0.15  0.02 S-CVZ
989610 119.1 -67.8 23:40  g   15 1.30  1.13  3.70  0.15  0.03 2021hfq_P1
989611 119.1 -67.8 23:41  r   15 1.30  1.01  2.56  0.08  0.08 2021hfq_P1
989612 119.1 -67.8 23:42  i   15 1.30  1.07  1.51 -0.18  0.18 2021hfq_P1
989613 119.1 -67.8 23:42  z   15 1.30  1.01  0.97 -0.01  0.30 2021hfq_P1
989614 139.6 -30.9 23:45  g   15 1.00  1.35  3.53  0.04  0.02 2021ill_P1
989615 139.6 -30.9 23:45  r   15 1.00  0.97  2.41  0.02  0.10 2021ill_P1
989616 139.6 -30.9 23:46  i   15 1.00  0.90  1.34 -0.21  0.29 2021ill_P1
989617 154.4 -23.8 23:49  g   15 1.03  1.10  3.76  0.05  0.03 2021fna_P1
989618 154.4 -23.8 23:49  r   15 1.03  1.02  2.70  0.07  0.07 2021fna_P1
989619 154.4 -23.8 23:50  i   15 1.03  0.95  1.74 -0.16  0.18 2021fna_P1
989620 141.4 -25.3 23:52  g   25 1.00  1.19  3.56  0.05  0.03 2021hjc_P1
989621 141.4 -25.3 23:53  r   25 1.00  1.00  2.45  0.03  0.09 2021hjc_P1
989622 141.4 -25.3 23:54  i   25 1.00  1.07  1.41 -0.22  0.19 2021hjc_P1
989623 142.0  -7.0 23:55  g   15 1.09  1.27  3.66  0.06  0.02 2021iov_P1
989624 142.0  -7.0 23:56  r   15 1.09  1.11  2.53  0.07  0.07 2021iov_P1
989625 142.0  -7.0 23:57  i   15 1.09  1.08  1.48 -0.12  0.18 2021iov_P1
989626 134.8  10.2 23:58  g   15 1.33  1.31  3.81  0.13  0.02 2021jys_P1
989627 134.8  10.2 23:59  r   15 1.33  1.15  2.66  0.06  0.06 2021jys_P1
989628 134.8  10.2 23:59  i   15 1.33  1.11  1.57 -0.11  0.15 2021jys_P1
989629 149.2   1.8 00:01  g   10 1.18  1.22  3.83  0.13  0.02 COSMOS-2
#expid  ra     dec   ut  fil time secz  psf  sky  cloud  teff Object
989630 149.2   1.8 00:02  g   60 1.18  1.27  3.84  0.11  0.02 COSMOS-2
989631 149.2   1.8 00:03  r   86 1.18  2.05  2.69  0.01  0.02 COSMOS-2
989632 149.2   1.8 00:05  i  130 1.18  1.16  1.60 -0.04  0.14 COSMOS-2
989633 150.8   1.8 00:08  g   60 1.18  1.32  3.87  0.07  0.02 COSMOS-3
989634 150.8   1.8 00:09  r   86 1.18  1.14  2.72  0.00  0.06 COSMOS-3
989635 150.8   1.8 00:11  i  130 1.18  1.08  1.59 -0.04  0.16 COSMOS-3
989636 150.0   3.1 00:14  g   60 1.20  1.25  3.88  0.09  0.02 COSMOS-1
989637 150.0   3.1 00:15  r   86 1.19  1.19  2.72  0.02  0.05 COSMOS-1
989638 150.0   3.1 00:17  i  130 1.19  1.18  1.58 -0.09  0.14 COSMOS-1
989639 149.2   1.8 00:20  g   60 1.18  1.45  3.87  0.11  0.01 COSMOS-2
989640 149.2   1.8 00:21  r   86 1.18  1.22  2.70  0.01  0.05 COSMOS-2
989641 149.2   1.8 00:23  i  130 1.18  1.14  1.55 -0.01  0.15 COSMOS-2
989642 150.8   1.8 00:26  g   60 1.18  1.12  3.90  0.06  0.02 COSMOS-3
989643 150.8   1.8 00:27  r   86 1.18  1.12  2.72 -0.01  0.06 COSMOS-3
989644 150.8   1.8 00:29  i  130 1.18  1.15  1.56 -0.07  0.15 COSMOS-3
989645 129.1 -11.8 00:33  g   15 1.14  1.39  3.70  0.10  0.02 2021grd_P1
989646 129.1 -11.8 00:33  r   15 1.14  1.19  2.50  0.11  0.06 2021grd_P1
989647 129.1 -11.8 00:34  i   15 1.14  1.24  1.38 -0.30  0.15 2021grd_P1
989648 129.1 -11.8 00:35  z   15 1.14  1.17  0.80 -0.10  0.27 2021grd_P1
989649 133.8  16.7 00:37  g   25 1.57  1.39  4.05  0.17  0.01 2021hjb_P1
989650 133.8  16.7 00:38  r   25 1.57  1.39  2.84  0.13  0.03 2021hjb_P1
989651 133.8  16.7 00:39  i   25 1.57  1.30  1.63 -0.15  0.11 2021hjb_P1
989652 135.6   7.8 00:40  g   15 1.34  1.36  3.92  0.14  0.01 2021ibo_P1
989653 135.6   7.8 00:41  r   15 1.34  1.44  2.72  0.07  0.03 2021ibo_P1
#expid  ra     dec   ut  fil time secz  psf  sky  cloud  teff Object
989654 135.6   7.8 00:41  i   15 1.34  1.17  1.53 -0.07  0.14 2021ibo_P1
989655 135.6   7.8 00:42  z   15 1.35  1.08  0.86  0.04  0.29 2021ibo_P1
989656 149.5   0.8 00:43  g   15 1.17  1.43  3.91  0.09  0.01 2021ghc_P1
989657 149.5   0.8 00:44  r   15 1.17  1.13  2.73  0.05  0.06 2021ghc_P1
989658 149.5   0.8 00:45  i   15 1.17  1.06  1.56  0.04  0.17 2021ghc_P1
989659 155.0  -4.3 00:46  g   15 1.11  1.24  3.94  0.10  0.02 2021jze_P1
989660 155.0  -4.3 00:46  r   15 1.11  1.21  2.77  0.06  0.05 2021jze_P1
989661 155.0  -4.3 00:47  i   15 1.11  1.22  1.60 -0.06  0.12 2021jze_P1
989662 155.0  -4.3 00:48  z   15 1.11  1.23  0.87  0.06  0.22 2021jze_P1
989663 161.6 -29.0 00:50  g   15 1.00  1.33  4.05  0.09  0.01 2021gwn_P1
989664 161.6 -29.0 00:50  r   15 1.00  1.17  3.27  0.04  0.03 2021gwn_P1
989665 161.6 -29.0 00:51  i   15 1.00  1.16  3.49 -0.19  0.02 2021gwn_P1
989666 161.6 -29.0 00:52  z   15 1.00  1.23  2.73  0.10  0.04 2021gwn_P1
989667 163.6  -9.5 00:54  g   15 1.07  1.43  4.05  0.08  0.01 2021jap_P1
989668 163.6  -9.5 00:54  r   15 1.07  1.41  2.89  0.08  0.03 2021jap_P1
989669 163.6  -9.5 00:55  i   15 1.07  1.22  1.73 -0.14  0.11 2021jap_P1
989670 163.6  -9.5 00:56  z   15 1.07  1.15  0.97  0.02  0.23 2021jap_P1
989671 175.0  -7.0 00:57  g   15 1.13  1.50  4.28  0.12  0.01 2021ipf_P1
989672 175.0  -7.0 00:58  r   15 1.13  1.43  3.15  0.09  0.02 2021ipf_P1
989673 175.0  -7.0 00:58  i   15 1.13  1.24  1.93 -0.01  0.09 2021ipf_P1
989674 178.7  -7.3 00:59  g   15 1.15  1.41  4.35  0.12  0.01 2021hup_P2
989675 178.7  -7.3 01:00  r   15 1.15  1.48  3.25  0.07  0.02 2021hup_P2
989676 178.7  -7.3 01:00  i   15 1.14  1.19  2.02  0.01  0.09 2021hup_P2
989677 150.0   3.1 01:02  g   10 1.21  1.47  3.98  0.11  0.01 COSMOS-1
#expid  ra     dec   ut  fil time secz  psf  sky  cloud  teff Object
989678 150.0   3.1 01:03  g   60 1.21  1.34  3.99  0.10  0.01 COSMOS-1
989679 150.0   3.1 01:04  r   86 1.21  1.18  2.80  0.03  0.05 COSMOS-1
989680 150.0   3.1 01:06  i  130 1.22  1.16  1.61 -0.02  0.14 COSMOS-1
989681 149.2   1.8 01:09  g   60 1.20  1.19  3.98  0.12  0.02 COSMOS-2
989682 149.2   1.8 01:10  r   86 1.21  1.00  2.79  0.09  0.07 COSMOS-2
989683 149.2   1.8 01:12  i  130 1.21  1.24  1.62 -0.02  0.12 COSMOS-2
989684 150.8   1.8 01:15  g   60 1.20  1.34  4.01  0.09  0.01 COSMOS-3
989685 150.8   1.8 01:16  r   86 1.21  1.28  2.81  0.02  0.04 COSMOS-3
989686 150.8   1.8 01:18  i  130 1.21  1.30  1.63 -0.11  0.11 COSMOS-3
989687 150.0   3.1 01:21  g   60 1.23  1.24  4.03  0.11  0.02 COSMOS-1
989688 150.0   3.1 01:23  r   86 1.24  1.23  2.83  0.05  0.04 COSMOS-1
989689 150.0   3.1 01:24  i  130 1.24  1.27  1.66 -0.06  0.11 COSMOS-1
989690 149.2   1.8 01:27  g   60 1.23  1.45  4.03  0.13  0.01 COSMOS-2
989691 149.2   1.8 01:29  r   86 1.23  1.23  2.83  0.03  0.04 COSMOS-2
989692 149.2   1.8 01:30  i  130 1.23  1.38  1.63 -0.09  0.09 COSMOS-2
989693 189.7   1.9 01:35  i   50 1.27  1.08  2.36 -0.05  0.08 474.A.a
989694 189.7   1.9 01:36  z   50 1.27                         474.A.a
989695 185.8   5.3 01:37  i   50 1.29  1.04  2.23  0.00  0.10 474.B_1.a
989696 185.8   5.3 01:39  z   50 1.28  0.95  1.33  0.05  0.25 474.B_1.a
989697 193.8   3.0 01:40  i   50 1.31  1.02  2.56 -0.04  0.07 474.C.a
989698 193.8   3.0 01:42  z   50 1.31  0.93  1.64  0.12  0.19 474.C.a
989699 193.8   6.1 01:43  i   50 1.36  1.01  2.46 -0.15  0.08 474.D.a
989700 193.8   6.1 01:44  z   50 1.36  0.96  1.52  0.09  0.20 474.D.a
989701 185.9   3.2 01:46  i   50 1.24  0.94  2.28 -0.13  0.11 474.E.a
#expid  ra     dec   ut  fil time secz  psf  sky  cloud  teff Object
989702 185.9   3.2 01:47  z   50 1.24  0.81  1.33  0.06  0.34 474.E.a
989703 196.9   6.1 01:49  i   50 1.38  0.95  2.64 -0.16  0.08 474.F.a
989704 196.9   6.1 01:50  z   50 1.38  0.94  1.70  0.11  0.18 474.F.a
989705 186.3  14.5 01:52  i   50 1.45  0.94  2.26 -0.04  0.11 525.A.a
989706 186.3  14.5 01:53  z   50 1.45  0.86  1.36  0.08  0.29 525.A.a
989707 188.5  14.5 01:55  i   50 1.47  0.97  2.29 -0.02  0.10 525.A.b
989708 188.5  14.5 01:56  z   50 1.46  1.01  1.38  0.06  0.21 525.A.b
989709 189.0  12.1 01:57  i   50 1.41  0.95  2.30 -0.11  0.11 525.E.b
989710 189.0  12.1 01:59  z   50 1.40  0.96  1.38  0.03  0.23 525.E.b
989711 186.6  12.3 02:00  i   50 1.39  0.90  2.28 -0.02  0.12 525.E.a
989712 186.6  12.3 02:01  z   50 1.39  0.92  1.37  0.11  0.25 525.E.a
989713 187.8   7.2 02:03  i   50 1.29  0.96  2.29 -0.05  0.11 525.F.b
989714 187.8   7.2 02:04  z   50 1.29  0.86  1.37  0.07  0.29 525.F.b
989715 184.8   6.1 02:05  i   50 1.25  0.85  2.18  0.00  0.15 525.F.a
989716 184.8   6.1 02:07  z   50 1.25  0.81  1.29  0.09  0.35 525.F.a
989717 186.5   7.0 02:08  g    3 1.27                         2021hiz_P1
989718 186.5   7.0 02:08  g   50 1.27  0.98  4.60  0.13  0.01 2021iuk_P1
989719 186.5   7.0 02:10  r    3 1.27  0.89  3.48  0.04  0.04 2021hiz_P1
989720 186.5   7.0 02:10  r   15 1.27  0.91  3.48  0.03  0.04 2021iuk_P1
989721 186.5   7.0 02:11  i    3 1.27  0.82  2.22  0.06  0.16 2021hiz_P1
989722 186.5   7.0 02:12  i   50 1.27  0.89  2.23  0.07  0.13 2021iuk_P1
989723 186.5   7.0 02:13  z    3 1.27  0.82  1.33  0.13  0.33 2021hiz_P1
989724 186.5   7.0 02:13  z   15 1.27  0.86  1.33  0.13  0.30 2021iuk_P1
989725 186.9   9.9 02:14  i   50 1.32  0.93  2.24  0.19  0.12 525.B.b
#expid  ra     dec   ut  fil time secz  psf  sky  cloud  teff Object
989726 186.9   9.9 02:15  z   50 1.32  0.87  1.36  0.18  0.29 525.B.b
989727 184.5   9.7 02:17  i   50 1.31  0.85  2.23 -0.03  0.14 525.C.a
989728 184.5   9.7 02:18  z   50 1.31  0.79  1.35  0.11  0.35 525.C.a
989729 189.3   9.8 02:19  i   50 1.32  0.89  2.30 -0.05  0.12 525.B.a
989730 189.3   9.8 02:21  z   50 1.32  0.83  1.41  0.08  0.30 525.B.a
989731 191.5  12.2 02:22  i   50 1.38  0.89  2.33 -0.07  0.12 525.C.b
989732 191.5  12.2 02:23  z   50 1.38  0.84  1.45  0.07  0.28 525.C.b
989733 183.2  12.4 02:25  i   50 1.36  0.89  2.20  0.08  0.13 525.D.a
989734 183.2  12.4 02:27  z   50 1.36  0.87  1.31  0.11  0.30 525.D.a
989735 185.4  12.4 02:28  i   50 1.36  0.95  2.23  0.04  0.12 525.D.b
989736 185.4  12.4 02:29  z   50 1.36  0.92  1.36  0.12  0.26 525.D.b
989737 155.0  -4.3 02:32  z   50 1.24  0.94  1.02  0.09  0.34 418.A.a
989738 155.0  -4.3 02:33  i   50 1.24  1.00  1.79  0.02  0.16 418.A.a
989739 150.8   1.8 02:35  g   10 1.39  1.12  4.25  0.14  0.02 COSMOS-3
989740 150.8   1.8 02:35  g   60 1.39  1.17  4.26  0.13  0.01 COSMOS-3
989741 150.8   1.8 02:37  r   86 1.40  1.02  3.06  0.06  0.05 COSMOS-3
989742 150.8   1.8 02:39  i  130 1.41  0.93  1.85  0.07  0.17 COSMOS-3
989743 150.0   3.1 02:41  g   60 1.46  1.15  4.31  0.15  0.01 COSMOS-1
989744 150.0   3.1 02:43  r   86 1.46  1.11  3.10  0.08  0.04 COSMOS-1
989745 150.0   3.1 02:45  i  130 1.47  1.15  1.87  0.02  0.11 COSMOS-1
989746 149.2   1.8 02:47  g   60 1.47  1.34  4.32  0.19  0.01 COSMOS-2
989747 149.2   1.8 02:49  r   86 1.48  1.13  3.12  0.03  0.04 COSMOS-2
989748 149.2   1.8 02:51  i  130 1.49  1.15  1.90  0.02  0.11 COSMOS-2
989749 150.8   1.8 02:53  g   60 1.47  1.30  4.33  0.15  0.01 COSMOS-3
#expid  ra     dec   ut  fil time secz  psf  sky  cloud  teff Object
989750 150.8   1.8 02:55  r   86 1.48  1.23  3.14  0.06  0.03 COSMOS-3
989751 150.8   1.8 02:57  i  130 1.49  1.16  1.91  0.01  0.10 COSMOS-3
989752 150.0   3.1 02:59  g   60 1.55  1.44  4.38  0.18  0.01 COSMOS-1
989753 150.0   3.1 03:01  r   86 1.56  1.29  3.19  0.08  0.03 COSMOS-1
989754 150.0   3.1 03:03  i  130 1.57  1.26  1.94 -0.01  0.09 COSMOS-1
989755 195.9  28.7 03:07  z   50 1.93  1.13  1.60  0.11  0.14 577.A.a
989756 195.9  28.7 03:08  i   50 1.93  1.21  2.49  0.05  0.06 577.A.a
989757 198.6 -19.4 03:12  i   50 1.02  1.03  4.29 -0.08  0.01 423.E.a.2021fxy
989758 198.6 -19.4 03:13  z   50 1.02  1.83  3.46  0.63  0.00 423.E.a.2021fxy
989759 180.0   1.4 03:15  r   70 1.20  1.08  3.41  0.02  0.03 TILEID: 9622
989760 180.0   1.4 03:17  i   90 1.20  1.07  2.21  0.02  0.09 TILEID: 9622
989761 180.0   1.4 03:19  z  115 1.21  0.92  1.34  0.12  0.26 TILEID: 9622
989762 181.9   1.4 03:21  r   70 1.20  0.98  3.43  0.14  0.04 TILEID: 9640
989763 181.9   1.4 03:23  i   90 1.20  1.02  2.23  0.06  0.10 TILEID: 9640
989764 181.9   1.4 03:25  z  115 1.21  0.99  1.36  0.12  0.22 TILEID: 9640
989765 183.7   1.4 03:27  r   70 1.20  1.16  3.47  0.12  0.03 TILEID: 9659
989766 183.7   1.4 03:29  i   90 1.20  1.05  2.28 -0.05  0.09 TILEID: 9659
989767 183.7   1.4 03:31  z  115 1.20  1.03  1.43  0.09  0.19 TILEID: 9659
989768 184.7   0.0 03:33  r   70 1.18  1.18  3.51  0.09  0.02 TILEID: 13111
989769 184.7   0.0 03:35  i   90 1.19  1.06  2.33 -0.06  0.08 TILEID: 13111
989770 184.7   0.0 03:37  z  115 1.19  0.95  1.46  0.13  0.22 TILEID: 13111
989771 182.8   0.0 03:39  r   70 1.20  1.10  3.49  0.07  0.03 TILEID: 13090
989772 182.8   0.0 03:41  i   90 1.21  1.10  2.30  0.01  0.08 TILEID: 13090
989773 182.8   0.0 03:43  z  115 1.21  0.96  1.43  0.13  0.22 TILEID: 13090
#expid  ra     dec   ut  fil time secz  psf  sky  cloud  teff Object
989774 180.9   0.0 03:45  r   70 1.23  1.11  3.49  0.08  0.03 TILEID: 13071
989775 180.9   0.0 03:47  i   90 1.23  1.05  2.33 -0.01  0.09 TILEID: 13071
989776 180.9   0.0 03:49  z  115 1.23  1.05  1.46  0.06  0.18 TILEID: 13071
989777 179.1   0.0 03:51  r   70 1.25  1.17  3.47  0.07  0.03 TILEID: 3303
989778 179.1   0.0 03:53  i   90 1.26  1.11  2.32  0.03  0.08 TILEID: 3303
989779 179.1   0.0 03:55  z  115 1.26  1.17  1.45  0.13  0.15 TILEID: 3303
989780 180.0  -1.4 03:57  r   70 1.24  1.21  3.48  0.10  0.02 TILEID: 6982
989781 180.0  -1.4 03:59  i   90 1.24  1.13  2.32  0.03  0.07 TILEID: 6982
989782 180.0  -1.4 04:01  z  115 1.25  1.04  1.47  0.09  0.18 TILEID: 6982
989783 181.9  -1.4 04:03  r   70 1.24  1.12  3.55  0.06  0.03 TILEID: 13089
989784 181.9  -1.4 04:05  i   90 1.24  1.18  2.39 -0.08  0.06 TILEID: 13089
989785 181.9  -1.4 04:07  z  115 1.25  1.03  1.54  0.08  0.17 TILEID: 13089
989786 183.7  -1.4 04:09  r   70 1.24  1.15  3.64  0.05  0.02 TILEID: 13110
989787 183.7  -1.4 04:11  i   90 1.24  1.02  2.51 -0.04  0.08 TILEID: 13110
989788 183.7  -1.4 04:13  z  115 1.24  0.91  1.66  0.17  0.20 TILEID: 13110
989789 180.0   1.4 04:16  r   70 1.33  1.02  3.71  0.03  0.03 TILEID: 9622
989790 181.9   1.4 04:17  r   70 1.31  1.06  3.80  0.16  0.02 TILEID: 9640
989791 183.7   1.4 04:19  r   70 1.30  1.02  3.89  0.12  0.02 TILEID: 9659
989792 184.7   0.0 04:20  r   70 1.27  1.01  3.99  0.11  0.02 TILEID: 13111
989793 182.8   0.0 04:22  r   70 1.30  0.95  4.02  0.07  0.02 TILEID: 13090
989794 180.9   0.0 04:24  r   70 1.32  1.16  3.71  0.07  0.02 TILEID: 13071
989795 179.1   0.0 04:25  r   70 1.36  1.00  3.71  0.10  0.03 TILEID: 3303
989796 180.0  -1.4 04:27  r   70 1.33  0.99  3.76  0.10  0.03 TILEID: 6982
989797 181.9  -1.4 04:29  r   70 1.31  0.94  3.84  0.05  0.03 TILEID: 13089
#expid  ra     dec   ut  fil time secz  psf  sky  cloud  teff Object
989798 183.7  -1.4 04:30  r   70 1.29  0.95  3.91  0.10  0.03 TILEID: 13110
989799 208.5   6.1 04:33  r   70 1.24  1.06  5.08  0.12  0.01 TILEID: 33042
989800 208.5   6.1 04:35  i   90 1.24                         TILEID: 33042
989801 208.5   6.1 04:37  z  115 1.24                         TILEID: 33042
989802 210.2   6.1 04:39  r   70 1.24  1.01  5.05  0.16  0.01 TILEID: 33023
989803 210.2   6.1 04:41  i   90 1.24                         TILEID: 33023
989804 210.2   6.1 04:43  z  115 1.24                         TILEID: 33023
989805 211.0   4.6 04:45  r   70 1.22  0.95  5.07  0.71  0.00 TILEID: 33024
989806 211.0   4.6 04:47  i   90 1.22  1.55  4.52 99.00 -1.00 TILEID: 33024
989807 212.0   1.6 04:49  i    1 1.18                         TILEID: 1282
989808 212.0   1.6 04:49  z    1 1.18  0.85  3.59 -0.09  0.04 TILEID: 1282
989809 213.6   1.6 04:50  i    1 1.18                         TILEID: 1260
989810 213.6   1.6 04:50  z    1 1.18                         TILEID: 1260
989811 208.5   6.1 04:51  i   20 1.25  0.88  4.48 -0.09  0.02 TILEID: 33042
989812 208.5   6.1 04:52  z   20 1.25  0.92  3.60  0.15  0.03 TILEID: 33042
989813 210.2   6.1 04:53  r   35 1.25  0.94  5.04  0.08  0.01 TILEID: 33023
989814 210.2   6.1 04:54  i   20 1.25  0.84  4.46 -0.25  0.02 TILEID: 33023
989815 210.2   6.1 04:55  z   20 1.25                         TILEID: 33023
989816 211.0   4.6 04:56  r   35 1.23  0.98  5.05  0.02  0.01 TILEID: 33024
989817 211.0   4.6 04:57  i   20 1.23  0.87  4.51  0.32  0.01 TILEID: 33024
989818 211.0   4.6 04:58  z   20 1.23  0.85  3.64  0.61  0.02 TILEID: 33024
989819 209.3   4.6 04:59  r   35 1.23  0.87  5.04  0.17  0.01 TILEID: 33043
989820 209.3   4.6 05:00  i   20 1.23  0.87  4.50 -0.10  0.02 TILEID: 33043
989821 209.3   4.6 05:00  z   20 1.23  0.86  3.63 -0.11  0.04 TILEID: 33043
#expid  ra     dec   ut  fil time secz  psf  sky  cloud  teff Object
989822 208.5   6.1 05:01  r   35 1.26  0.90  5.11  0.04  0.01 TILEID: 33042
989823 210.2   6.1 05:02  r   35 1.26  0.93  5.05  0.08  0.01 TILEID: 33023
989824 211.0   4.6 05:03  r   35 1.23  0.92  5.06  0.05  0.01 TILEID: 33024
989825 209.3   4.6 05:04  r   35 1.24  0.89  5.05  0.11  0.01 TILEID: 33043
989826 212.0   1.6 05:05  i    7 1.19  0.82  4.50 -0.36  0.02 TILEID: 1282
989827 212.0   1.6 05:06  z    7 1.19  0.84  3.60  0.02  0.04 TILEID: 1282
989828 213.6   1.6 05:07  i    7 1.18  0.84  4.48 -0.19  0.02 TILEID: 1260
989829 213.6   1.6 05:07  z    7 1.18  1.00  3.58  0.26  0.03 TILEID: 1260
989830 215.3   1.6 05:08  i    7 1.18  0.77  4.46 -0.29  0.02 TILEID: 1239
989831 215.3   1.6 05:08  z    7 1.18  0.74  3.56 -0.01  0.05 TILEID: 1239
989832 216.9   1.6 05:09  i    7 1.18  0.76  4.44 -0.25  0.02 TILEID: 1219
989833 212.0   1.6 05:10  i   15 1.19  0.85  4.51 -0.15  0.02 TILEID: 1282
989834 212.0   1.6 05:11  z   15 1.19  0.79  3.61 -0.09  0.04 TILEID: 1282
989835 213.6   1.6 05:11  i   15 1.19  0.84  4.48 -0.19  0.02 TILEID: 1260
989836 213.6   1.6 05:12  z   15 1.19  0.79  3.58 -0.05  0.04 TILEID: 1260
989837 215.3   1.6 05:13  i   15 1.18  0.83  4.46 -0.30  0.02 TILEID: 1239
989838 215.3   1.6 05:13  z   15 1.18  0.82  3.56 -0.04  0.04 TILEID: 1239
989839 216.9   1.6 05:14  i   15 1.18  0.85  4.45 -0.17  0.02 TILEID: 1219
989840 216.9   1.6 05:15  z   15 1.18  0.78  3.55  0.04  0.05 TILEID: 1219
989841 217.8   3.2 05:16  i   15 1.20  0.87  4.47 -0.19  0.02 TILEID: 1200
989842 217.8   3.2 05:16  z   15 1.20  0.85  3.59  0.06  0.04 TILEID: 1200
989843 218.5   1.6 05:17  i   15 1.18  0.88  4.45 -0.15  0.02 TILEID: 1201
989844 218.5   1.6 05:18  z   15 1.18  0.78  3.55 -0.10  0.05 TILEID: 1201
989845 220.2   1.6 05:18  i   15 1.18  0.96  4.46 -0.23  0.01 TILEID: 1184
#expid  ra     dec   ut  fil time secz  psf  sky  cloud  teff Object
989846 220.2   1.6 05:19  z   15 1.18  0.79  3.57 -0.04  0.05 TILEID: 1184
989847 221.8   1.6 05:20  i   15 1.18  0.89  4.47 -0.18  0.02 TILEID: 1168
989848 221.8   1.6 05:21  z   15 1.18  0.82  3.57 -0.05  0.04 TILEID: 1168
989849 223.4   1.6 05:21  i   15 1.18  0.81  4.45 -0.33  0.02 TILEID: 1153
989850 223.4   1.6 05:22  z   15 1.18  0.83  3.56  0.02  0.04 TILEID: 1153
989851 212.0   1.6 05:23  i   15 1.21  0.86  4.51 -0.30  0.02 TILEID: 1282
989852 212.0   1.6 05:24  z   15 1.21  0.84  3.61  0.61  0.02 TILEID: 1282
989853 213.6   1.6 05:25  i   15 1.20  0.85  4.48 -0.25  0.02 TILEID: 1260
989854 213.6   1.6 05:25  z   15 1.20  0.80  3.59 -0.01  0.04 TILEID: 1260
989855 215.3   1.6 05:26  i   15 1.20  0.86  4.46 -0.15  0.02 TILEID: 1239
989856 215.3   1.6 05:27  z   15 1.20  0.80  3.56 -0.07  0.04 TILEID: 1239
989857 216.9   1.6 05:28  i   15 1.19  0.86  4.45 -0.37  0.02 TILEID: 1219
989858 216.9   1.6 05:28  z   15 1.19  0.79  3.55 -0.11  0.05 TILEID: 1219
989859 217.8   3.2 05:29  i   15 1.21  0.84  4.47 -0.30  0.02 TILEID: 1200
989860 217.8   3.2 05:30  z   15 1.21  0.89  3.59  0.32  0.03 TILEID: 1200
989861 219.4  12.6 05:32  z   50 1.37  0.87  2.90  0.09  0.07 477.D.a
989862 219.4  12.6 05:33  i   50 1.37  0.92  3.83  0.10  0.03 477.D.a
989863 215.9   2.4 05:35  i   50 1.21  2.67  4.49 99.00 -1.00 477.E.a
989864 215.9   2.4 05:36  z   50 1.21  2.16  3.60 99.00 -1.00 477.E.a
989865 216.5  15.6 05:38  i   50 1.47  0.99  3.99 -0.16  0.02 477.F.a
989866 216.5  15.6 05:39  z   50 1.47  0.94  3.11  0.05  0.05 477.F.a
989867 223.8   6.7 05:41  g    8 1.26  0.99  5.76  0.15  0.00 2021jvs_P1
989868 223.8   6.7 05:42  r    8 1.26  0.92  5.34  0.12  0.01 2021jvs_P1
989869 223.8   6.7 05:43  i    8 1.26  0.91  4.62 -0.14  0.01 2021jvs_P1
#expid  ra     dec   ut  fil time secz  psf  sky  cloud  teff Object
989870 223.8   6.7 05:43  z    8 1.26  0.85  3.72  0.03  0.03 2021jvs_P1
989875 200.4 -16.8 05:45  g   15 1.16  1.14  5.38 -0.02  0.01 2021foh_P1
989876 200.4 -16.8 05:46  r   15 1.16  1.05  4.78 -0.06  0.01 2021foh_P1
989877 200.4 -16.8 05:46  i   15 1.16  0.92  4.37 -0.24  0.02 2021foh_P1
989878 200.4 -16.8 05:47  z   15 1.17  0.89  3.53  0.17  0.04 2021foh_P1
989879 234.4   5.1 05:49  g   15 1.23  1.02  5.06  0.12  0.01 2021jwl_P1
989880 234.4   5.1 05:50  r   15 1.22  0.97  4.24  0.04  0.02 2021jwl_P1
989881 234.4   5.1 05:50  i   15 1.22  0.88  3.14 -0.19  0.06 2021jwl_P1
989882 234.4   5.1 05:51  z   15 1.22  0.80  2.16  0.00  0.16 2021jwl_P1
989883 218.5   1.6 05:53  i   15 1.21  0.88  4.46 -0.30  0.02 TILEID: 1201
989884 218.5   1.6 05:53  z   15 1.21  0.82  3.56 -0.05  0.04 TILEID: 1201
989885 220.2   1.6 05:54  i   15 1.20  0.91  4.47 -0.21  0.02 TILEID: 1184
989886 220.2   1.6 05:55  z   15 1.21  0.86  3.57 -0.02  0.04 TILEID: 1184
989887 221.8   1.6 05:55  i   15 1.20  0.93  4.47 -0.33  0.02 TILEID: 1168
989888 221.8   1.6 05:56  z   15 1.20  0.86  3.57  0.03  0.04 TILEID: 1168
989889 223.4   1.6 05:57  i   15 1.19  0.92  4.45 -0.07  0.02 TILEID: 1153
989890 223.4   1.6 05:58  z   15 1.19  0.93  3.56  0.89  0.01 TILEID: 1153
989891 208.5   6.1 05:59  r   35 1.38  1.08  5.26  0.04  0.01 TILEID: 33042
989892 208.5   6.1 06:00  i   20 1.39  1.04  4.56 -0.21  0.01 TILEID: 33042
989893 208.5   6.1 06:01  z   20 1.39  0.95  3.67  0.17  0.03 TILEID: 33042
989894 210.2   6.1 06:02  r   35 1.37  1.02  5.11  0.07  0.01 TILEID: 33023
989895 210.2   6.1 06:03  i   20 1.37                         TILEID: 33023
989896 210.2   6.1 06:03  z   20 1.38  0.85  3.60  0.13  0.04 TILEID: 33023
989897 211.0   4.6 06:04  r   35 1.34  0.95  5.08  0.06  0.01 TILEID: 33024
#expid  ra     dec   ut  fil time secz  psf  sky  cloud  teff Object
989898 211.0   4.6 06:05  i   20 1.34  1.06  4.52 -0.04  0.01 TILEID: 33024
989899 211.0   4.6 06:06  z   20 1.35  0.88  3.64  0.52  0.02 TILEID: 33024
989900 209.3   4.6 06:07  r   35 1.37  0.99  5.08  0.10  0.01 TILEID: 33043
989901 209.3   4.6 06:08  i   20 1.37  0.91  4.51 -0.03  0.02 TILEID: 33043
989902 209.3   4.6 06:09  z   20 1.37  0.88  3.63  0.51  0.02 TILEID: 33043
989903 219.4  12.6 06:10  z   25 1.44  0.96  2.82  0.08  0.06 477.D.a
989904 219.4  12.6 06:11  i   25 1.44  1.01  3.74 -0.25  0.03 477.D.a
989905 215.9   2.4 06:13  i   25 1.28  0.91  4.50  0.21  0.02 477.E.a
989906 215.9   2.4 06:13  z   25 1.28  0.89  3.61  0.68  0.01 477.E.a
989907 216.5  15.6 06:15  z   25 1.56  1.07  3.10  0.13  0.04 477.F.a
989908 216.5  15.6 06:16  i   25 1.56  1.03  3.98 -0.19  0.02 477.F.a
989909 208.5   6.1 06:17  r   25 1.45  1.06  5.31  0.06  0.01 TILEID: 33042
989910 210.2   6.1 06:18  r   25 1.42  1.11  5.13  0.08  0.01 TILEID: 33023
989911 211.0   4.6 06:19  r   25 1.39  1.19  5.09  0.08  0.01 TILEID: 33024
989912 209.3   4.6 06:20  r   25 1.41  1.05  5.09  0.11  0.01 TILEID: 33043
989913 212.0   1.6 06:21  i   18 1.33  0.96  4.53 -0.20  0.01 TILEID: 1282
989914 212.0   1.6 06:21  z   20 1.33  0.88  3.63  0.67  0.01 TILEID: 1282
989915 213.6   1.6 06:22  i   18 1.31  0.95  4.52  0.04  0.01 TILEID: 1260
989916 213.6   1.6 06:23  z   20 1.31  0.92  3.62  0.70  0.01 TILEID: 1260
989917 215.3   1.6 06:24  i   18 1.30  0.93  4.49  0.03  0.01 TILEID: 1239
989918 215.3   1.6 06:25  z   20 1.30  0.94  3.59  0.36  0.02 TILEID: 1239
989919 216.9   1.6 06:26  i   18 1.29  0.99  4.44 -0.25  0.01 TILEID: 1219
989920 216.9   1.6 06:26  z   20 1.29  0.95  3.53  0.13  0.03 TILEID: 1219
989921 217.8   3.2 06:27  i   18 1.31  1.05  4.44 -0.25  0.01 TILEID: 1200
#expid  ra     dec   ut  fil time secz  psf  sky  cloud  teff Object
989922 217.8   3.2 06:28  z   20 1.31  1.03  3.55  0.03  0.03 TILEID: 1200
989923 218.5   1.6 06:29  i   18 1.28  0.96  4.41 -0.28  0.02 TILEID: 1201
989924 218.5   1.6 06:29  z   20 1.28  0.96  3.50  0.14  0.03 TILEID: 1201
989925 220.2   1.6 06:30  i   18 1.27  0.96  4.40 -0.10  0.02 TILEID: 1184
989926 220.2   1.6 06:31  z   20 1.27  0.88  3.50 -0.03  0.04 TILEID: 1184
989927 221.8   1.6 06:32  i   18 1.26  0.98  4.38 -0.36  0.01 TILEID: 1168
989928 221.8   1.6 06:33  z   20 1.26  0.94  3.48  0.20  0.03 TILEID: 1168
989929 223.4   1.6 06:33  i   18 1.25  0.92  4.37 -0.19  0.02 TILEID: 1153
989930 223.4   1.6 06:34  z   20 1.25  0.93  3.48  0.44  0.02 TILEID: 1153
989931 238.8  24.6 06:36  i   50 1.73  1.11  2.43 -0.09  0.07 632.A.a
989932 238.8  24.6 06:37  z   50 1.74  1.05  1.50  0.07  0.17 632.A.a
989933 238.8  27.7 06:39  i   50 1.88  1.10  2.43 -0.04  0.07 632.B.a
989934 238.8  27.7 06:40  z   50 1.88  1.22  1.49  0.15  0.13 632.B.a
989935 241.9  25.7 06:41  i   50 1.78  1.35  2.40 -0.01  0.05 632.C.a
989936 241.9  25.7 06:43  z   50 1.78  1.25  1.48  0.09  0.12 632.C.a
989937 242.2  27.7 06:44  i   50 1.88  1.17  2.41 -0.10  0.06 632.D.a
989938 242.2  27.7 06:45  z   50 1.88  1.20  1.49  0.09  0.13 632.D.a
989939 245.7  24.6 06:47  i   50 1.73  1.35  2.28 -0.16  0.05 632.E.a
989940 245.7  24.6 06:48  z   50 1.73  1.30  1.42  0.07  0.12 632.E.a
989941 245.7  27.7 06:49  i   50 1.87  1.24  2.34 -0.06  0.06 632.F.a
989942 245.7  27.7 06:51  z   50 1.87  1.16  1.44  0.09  0.15 632.F.a
989943 245.4  20.5 06:52  g   15 1.57  1.18  4.73 -0.12  0.01 2021gez_P1
989944 245.4  20.5 06:53  r   15 1.57  1.05  3.57  0.13  0.03 2021gez_P1
989945 245.4  20.5 06:54  i   15 1.58  1.08  2.27 -0.10  0.09 2021gez_P1
#expid  ra     dec   ut  fil time secz  psf  sky  cloud  teff Object
989946 245.4  20.5 06:54  z   15 1.58  1.05  1.36  0.05  0.20 2021gez_P1
989947 208.5   6.1 06:56  r   25 1.65  1.23  5.39  0.07  0.00 TILEID: 33042
989948 210.2   6.1 06:57  r   25 1.61  1.15  5.22  0.08  0.01 TILEID: 33023
989949 211.0   4.6 06:58  r   25 1.56  1.28  5.10  0.13  0.00 TILEID: 33024
989950 209.3   4.6 06:59  r   25 1.61  1.17  5.11  0.11  0.01 TILEID: 33043
989951 212.0   1.6 07:00  i   18 1.48  1.06  4.52 -0.16  0.01 TILEID: 1282
989952 212.0   1.6 07:01  z   20 1.49  1.14  3.61  0.09  0.02 TILEID: 1282
989953 213.6   1.6 07:02  i   18 1.46  1.05  4.51 -0.03  0.01 TILEID: 1260
989954 213.6   1.6 07:02  z   20 1.46  1.04  3.61  0.35  0.02 TILEID: 1260
989955 215.3   1.6 07:03  i   18 1.44  1.01  4.47 -0.13  0.01 TILEID: 1239
989956 215.3   1.6 07:04  z   20 1.44  1.00  3.56  0.17  0.03 TILEID: 1239
989957 216.9   1.6 07:05  i   18 1.42  1.08  4.44 -0.17  0.01 TILEID: 1219
989958 216.9   1.6 07:05  z   20 1.42  1.01  3.54  0.20  0.03 TILEID: 1219
989959 217.8   3.2 07:06  i   18 1.44  1.16  4.45 -0.14  0.01 TILEID: 1200
989960 217.8   3.2 07:07  z   20 1.44  1.02  3.56  0.01  0.03 TILEID: 1200
989961 218.5   1.6 07:08  i   18 1.40  1.20  4.42 -0.14  0.01 TILEID: 1201
989962 218.5   1.6 07:09  z   20 1.40  0.99  3.52  0.20  0.03 TILEID: 1201
989963 220.2   1.6 07:09  i   18 1.38  1.07  4.41 -0.09  0.01 TILEID: 1184
989964 220.2   1.6 07:10  z   20 1.38  0.93  3.51  0.13  0.03 TILEID: 1184
989965 221.8   1.6 07:11  i   18 1.37  0.96  4.40 -0.36  0.02 TILEID: 1168
989966 221.8   1.6 07:12  z   20 1.37  1.03  3.51 -0.08  0.03 TILEID: 1168
989967 223.4   1.6 07:13  i   18 1.35  1.00  4.39 -0.15  0.01 TILEID: 1153
989968 223.4   1.6 07:13  z   20 1.35  0.90  3.51  0.56  0.02 TILEID: 1153
989969 236.4  17.4 07:15  i   50 1.56  1.16  2.48 -0.23  0.06 583.A.a
#expid  ra     dec   ut  fil time secz  psf  sky  cloud  teff Object
989970 236.4  17.4 07:16  z   50 1.56  1.23  1.57  0.02  0.12 583.A.a
989971 236.4  20.5 07:17  i   50 1.67  1.20  2.48 -0.16  0.06 583.B.a
989972 236.4  20.5 07:19  z   50 1.67  1.22  1.57  0.05  0.12 583.B.a
989973 239.7  20.5 07:20  i   50 1.64  1.22  2.46 -0.15  0.06 583.C.a
989974 239.7  20.5 07:21  z   50 1.64  1.22  1.56  0.07  0.12 583.C.a
989975 235.5  13.9 07:23  i   50 1.49  1.29  2.46 -0.14  0.05 583.E_1.a
989976 235.5  13.9 07:25  z   50 1.49  1.15  1.53  0.02  0.14 583.E_1.a
989977 245.4  20.5 07:26  i   50 1.61  1.18  2.29 -0.11  0.07 583.F.a
989978 245.4  20.5 07:28  z   50 1.61  1.41  1.41  0.11  0.10 583.F.a
989979 227.3   5.5 07:30  i   15 1.43  1.30  2.79 -0.10  0.04 2021fqb_P1
989980 227.3   5.5 07:30  z   15 1.43  1.00  1.84  0.04  0.14 2021fqb_P1
989981 232.4   0.1 07:31  i   50 1.28  1.12  2.76 -0.19  0.05 2021jkd_P1
989982 232.4   0.1 07:33  z   50 1.28  0.97  1.81  0.03  0.15 2021jkd_P1
989983 227.5  10.2 07:34  i   50 1.55  1.14  2.72 -0.16  0.05 531.A.a
989984 227.5  10.2 07:36  z   50 1.55  1.10  1.79  0.04  0.12 531.A.a
989985 227.5  13.3 07:37  i   50 1.65  1.25  2.72 -0.14  0.04 531.B.a
989986 227.5  13.3 07:38  z   50 1.66  1.18  1.79  0.07  0.10 531.B.a
989987 230.7  10.2 07:40  i   50 1.52  1.20  2.71 -0.14  0.05 531.C.a
989988 230.7  10.2 07:41  z   50 1.52  1.26  1.78  0.09  0.09 531.C.a
989989 230.7  13.3 07:42  i   50 1.61  1.29  2.70 -0.04  0.04 531.D.a
989990 230.7  13.3 07:44  z   50 1.62  1.06  1.78  0.04  0.13 531.D.a
989991 235.0  10.2 07:45  i   50 1.47  1.05  2.61 -0.24  0.07 531.E.a
989992 235.0  10.2 07:46  z   50 1.48  1.11  1.70  0.02  0.13 531.E.a
989993 233.8  13.3 07:48  i   50 1.58  1.22  2.64 -0.19  0.05 531.F.a
#expid  ra     dec   ut  fil time secz  psf  sky  cloud  teff Object
989994 233.8  13.3 07:49  z   50 1.59  1.20  1.73  0.10  0.11 531.F.a
989995 270.9 -29.5 07:52  g   10 1.01                         DECaPS-East
989996 270.9 -29.5 07:53  g   96 1.01                         DECaPS-East
989997 270.9 -29.5 07:55  r   50 1.01                         DECaPS-East
989998 270.9 -29.5 07:56  i   30 1.01                         DECaPS-East
989999 270.9 -29.5 07:57  z   30 1.01                         DECaPS-East
990000 270.9 -29.5 07:58  g   96 1.01                         DECaPS-East
990001 270.9 -29.5 08:00  r   50 1.00                         DECaPS-East
990002 270.9 -29.5 08:01  i   30 1.00                         DECaPS-East
990003 270.9 -29.5 08:02  z   30 1.00                         DECaPS-East
990004 270.9 -29.5 08:03  g   96 1.00                         DECaPS-East
990005 270.9 -29.5 08:05  r   50 1.00                         DECaPS-East
990006 270.9 -29.5 08:07  i   30 1.00                         DECaPS-East
990007 270.9 -29.5 08:08  z   30 1.00                         DECaPS-East
990008 270.9 -29.5 08:09  g   10 1.00                         DECaPS-East
990009 270.9 -29.5 08:09  g   96 1.00                         DECaPS-East
990010 270.9 -29.5 08:11  r   50 1.00                         DECaPS-East
990011 270.9 -29.5 08:13  i   30 1.00                         DECaPS-East
990012 270.9 -29.5 08:14  z   30 1.00                         DECaPS-East
990013 270.9 -29.5 08:15  g   96 1.00                         DECaPS-East
990014 270.9 -29.5 08:17  r   50 1.00                         DECaPS-East
990015 270.9 -29.5 08:18  i   30 1.00                         DECaPS-East
990016 270.9 -29.5 08:19  z   30 1.00                         DECaPS-East
990017 270.9 -29.5 08:20  g   96 1.00                         DECaPS-East
#expid  ra     dec   ut  fil time secz  psf  sky  cloud  teff Object
990018 270.9 -29.5 08:22  r   50 1.00                         DECaPS-East
990019 270.9 -29.5 08:23  i   30 1.00                         DECaPS-East
990020 270.9 -29.5 08:24  z   30 1.00                         DECaPS-East
990021 311.0  -4.2 08:27  i   50 1.43  1.39  1.78 -0.31  0.08 440.A.a
990022 311.0  -4.2 08:28  z   50 1.42  1.36  1.16 -0.04  0.14 440.A.a
990023 311.0  -0.5 08:30  i   50 1.48  1.37  1.80 -0.26  0.08 440.B.a
990024 311.0  -0.5 08:31  z   50 1.47  1.55  1.20  0.06  0.10 440.B.a
990025 314.1  -4.2 08:32  i   50 1.46  1.63  1.79 -0.15  0.06 440.C.a
990026 314.1  -4.2 08:34  z   50 1.46  1.50  1.16  0.08  0.12 440.C.a
990027 314.8  -0.9 08:35  i   50 1.53  1.62  1.83 -0.19  0.06 440.D.a
990028 314.8  -0.9 08:36  z   50 1.52  1.53  1.22  0.06  0.11 440.D.a
990029 317.2  -4.2 08:38  i   50 1.50  1.62  1.79 -0.11  0.06 440.E.a
990030 317.2  -4.2 08:39  z   50 1.50  1.46  1.17  0.09  0.12 440.E.a
990031 317.9  -0.9 08:40  i   50 1.57  1.42  1.82 -0.13  0.08 440.F.a
990032 317.9  -0.9 08:42  z   50 1.56  1.29  1.21  0.03  0.15 440.F.a
990033 318.7   9.5 08:43  z   50 1.86  1.46  1.41  0.05  0.10 544.A.a
990034 318.7   9.5 08:45  i   50 1.85  1.53  1.99 -0.15  0.06 544.A.a
990035 318.5  13.3 08:46  i   50 1.98  1.41  2.03 -0.22  0.06 544.B.a
990036 318.5  13.3 08:47  z   50 1.97  1.25  1.44 -0.02  0.13 544.B.a
990037 321.9   9.5 08:49  i   50 1.93  1.44  2.02 -0.17  0.06 544.C.a
990038 321.9   9.5 08:50  z   50 1.92  1.28  1.41  0.00  0.13 544.C.a
990039 321.7  12.6 08:51  i   50 2.02  1.46  2.05 -0.12  0.06 544.D.a
990040 321.7  12.6 08:53  z   50 2.01  1.35  1.45  0.05  0.11 544.D.a
990041 325.1   9.5 08:54  i   50 2.01  1.43  2.03 -0.14  0.06 544.E.a
#expid  ra     dec   ut  fil time secz  psf  sky  cloud  teff Object
990042 325.1   9.5 08:55  z   50 1.99  1.35  1.42  0.07  0.11 544.E.a
990043 324.9  12.6 08:57  i   50 2.10  1.52  2.07 -0.05  0.05 544.F.a
990044 324.9  12.6 08:58  z   50 2.09  1.46  1.45  0.11  0.09 544.F.a
990045 241.2   2.6 09:03  g   15 1.54  1.39  4.83  0.14  0.01 2021inj_P1
990046 241.2   2.6 09:03  r   15 1.54  1.31  3.77  0.05  0.02 2021inj_P1
990047 245.9  14.8 09:04  i   50 1.79  1.22  2.44 -0.20  0.06 2021hem_P1
990048 245.9  14.8 09:06  z   50 1.79  1.10  1.64  0.01  0.14 2021hem_P1
990049 245.9  14.8 09:07  r   10 1.80  1.17  3.70  0.11  0.02 2021hem_P1
990050 252.3  22.3 09:08  g   20 1.96  1.70  4.74  0.21  0.00 2021hji_P1
990051 252.3  22.3 09:09  r   15 1.96  1.57  3.61  0.11  0.01 2021hji_P1
990052 252.3  22.3 09:10  i   15 1.97  1.45  2.35 -0.14  0.04 2021hji_P1
990053 241.2  14.0 09:11  g   15 1.95  1.50  4.93  0.26  0.00 2021ipb_P1
990054 241.2  14.0 09:11  r   15 1.95  1.21  3.84  0.13  0.02 2021ipb_P1
990055 241.2  14.0 09:12  i   15 1.96  1.32  2.56 -0.16  0.04 2021ipb_P1
990056 241.2  14.0 09:13  z   15 1.96  1.17  1.74  0.04  0.11 2021ipb_P1
990057 262.1  13.1 09:14  g   15 1.49  1.30  4.41  0.15  0.01 2021ify_P1
990058 262.1  13.1 09:15  r   15 1.49  1.32  3.28  0.02  0.02 2021ify_P1
990059 262.1  13.1 09:16  i   15 1.49  1.13  2.11 -0.15  0.09 2021ify_P1
990060 262.1  13.1 09:16  z   15 1.49  1.19  1.43  0.01  0.14 2021ify_P1
990061 297.5 -20.1 09:19  g   15 1.04  1.25  3.72  0.07  0.02 2021juw_P1
990062 297.5 -20.1 09:19  r   15 1.04  0.97  2.58  0.00  0.09 2021juw_P1
990063 297.5 -20.1 09:20  i   15 1.04  0.96  1.46 -0.18  0.23 2021juw_P1
990064 318.7 -21.9 09:21  r   15 1.17  1.13  2.64  0.07  0.06 2021jva_P2
990065 318.7 -21.9 09:22  i   15 1.17  1.00  1.50 -0.15  0.20 2021jva_P2
#expid  ra     dec   ut  fil time secz  psf  sky  cloud  teff Object
990066 346.4  -5.8 09:24  r   15 2.12  1.37  3.41  0.12  0.02 2021kmz_P2
990067 346.4  -5.8 09:25  i   15 2.12  1.56  2.15  0.07  0.05 2021kmz_P2
990069 346.4  -5.8 09:27  i   15 2.08  1.18  2.13 -0.04  0.08 2021kmz_P2
990071 346.4  -5.8 09:29  i   15 2.05  1.19  2.11 -0.02  0.08 2021kmz_P2
990072 326.2   3.4 09:31  i   50 1.56  1.21  1.76 -0.20  0.11 494.A.a
990073 326.2   3.4 09:32  z   50 1.55  1.12  1.18  0.02  0.20 494.A.a
990074 328.2   6.5 09:34  i   50 1.67  1.18  1.83 -0.19  0.11 494.B.a
990075 328.2   6.5 09:35  z   50 1.66  1.21  1.24  0.03  0.17 494.B.a
990076 330.8   3.0 09:36  i   50 1.63  1.25  1.84 -0.18  0.10 494.C.a
990077 330.8   3.0 09:38  z   50 1.62  1.19  1.26  0.00  0.17 494.C.a
990078 331.3   6.1 09:39  i   50 1.71  1.28  1.87 -0.17  0.09 494.D.a
990079 331.3   6.1 09:40  z   50 1.70  1.26  1.29  0.02  0.15 494.D.a
990080 334.2   0.3 09:42  i   50 1.62  1.18  1.84 -0.15  0.11 494.E.a
990081 334.2   0.3 09:43  z   50 1.61  1.07  1.27  0.04  0.21 494.E.a
990082 334.4   6.1 09:45  i   50 1.76  1.22  1.91 -0.11  0.09 494.F.a
990083 334.4   6.1 09:46  z   50 1.75  1.08  1.32  0.06  0.19 494.F.a
990084 310.2 -19.7 09:48  z   90 1.06  0.94  0.94 -0.09  0.36 DELVE field: 713-
990085 310.4 -15.3 09:50  z   90 1.08  0.95  0.97 -0.06  0.34 DELVE field: 676-
990086 310.9 -16.9 09:52  z   90 1.07  0.91  0.97 -0.05  0.37 DELVE field: 694-
990087 311.5 -18.4 09:54  z   90 1.07  0.99  0.96 -0.06  0.32 DELVE field: 714-
990088 312.1 -19.9 09:56  z   90 1.06  0.93  0.94 -0.04  0.37 DELVE field: 735-
990089   7.9 -43.0 10:00  g   80 1.90  1.42  4.29  0.20  0.01 E1
990090   7.9 -43.0 10:02  g   80 1.89  1.40  4.29  0.19  0.01 E1
990091   7.9 -43.0 10:04  r   70 1.87  1.18  3.20  0.13  0.03 E1
#expid  ra     dec   ut  fil time secz  psf  sky  cloud  teff Object
990092   7.9 -43.0 10:06  r   70 1.85  1.25  3.23  0.14  0.03 E1
990093   7.9 -43.0 10:07  i   90 1.84  1.21  2.31  0.04  0.07 E1
990094   7.9 -43.0 10:09  i   90 1.82  1.19  2.48  0.04  0.06 E1
990095   9.5 -44.0 10:11  g   80 1.85  1.43  4.46  0.22  0.01 E2
990096   9.5 -44.0 10:13  g   80 1.83  1.43  4.55  0.21  0.01 E2
990097 325.0   0.0 10:17  u   30 1.29  1.18  0.87 -0.22  0.35 SDSSJ2140-0000
990098 325.0   0.0 10:18  g   15 1.29  1.15  4.40  0.11  0.01 SDSSJ2140-0000
990099 325.0   0.0 10:18  r   15 1.29  1.02  3.73  0.04  0.03 SDSSJ2140-0000
990100 325.0   0.0 10:19  i   15 1.28  0.94  3.25 -0.26  0.05 SDSSJ2140-0000
990101 325.0   0.0 10:20  z   15 1.28  0.89  2.13 -0.03  0.13 SDSSJ2140-0000
990102 325.0   0.0 10:20  Y   20 1.28                         SDSSJ2140-0000
MJD = 59331 (Apr 26/Apr 27)
