#expid  ra     dec   ut  fil time secz  psf  sky  cloud  teff Object
1189352 230.8   8.6 23:26  r    5 1.01                         pointing
1189353 230.8   8.6 23:29  r   30 1.01                         pointing
1189357 230.8   8.6 23:43  r    5 1.02                         
1189358 112.0 -29.2 23:46  r   30 1.00  1.22  1.77  0.15  0.12 
1189359 112.0 -29.2 23:49  r    5 1.00  1.29  1.64  0.16  0.12 
1189360  79.2   6.4 23:53  z   15 1.57  1.43  1.09 -0.04  0.14 2023cvn_P1
1189361  79.2   6.4 23:54  i   15 1.57  1.42  1.55 -0.22  0.10 2023cvn_P1
1189362  79.2   6.4 23:55  r   15 1.57  1.36  2.07  0.12  0.07 2023cvn_P1
1189363  79.2   6.4 23:55  g   15 1.58  1.65  2.57  0.18  0.03 2023cvn_P1
1189364  58.6 -25.8 23:57  r   50 1.58  1.05  1.75  0.02  0.16 253.A.a
1189365  58.6 -22.7 23:59  r   50 1.63  1.09  1.76  0.13  0.15 253.B.a
1189366  66.9 -25.8 00:00  r   50 1.40  1.07  1.56  0.11  0.18 253.C.a
1189367  53.1 -27.8 00:02  r   50 1.78  1.21  1.73  0.14  0.12 253.D.a
1189368  63.6 -24.3 00:04  r   50 1.51  1.12  1.60  0.08  0.16 253.E.a
1189369  66.9 -21.9 00:05  r   50 1.46  1.09  1.57  0.11  0.17 253.F.a
1189370  58.6 -25.8 00:07  i   50 1.65  1.23  1.08  0.04  0.20 253.A.a
1189371  58.6 -22.7 00:09  i   50 1.71  1.18  1.10  0.00  0.21 253.B.a
1189372  66.9 -25.8 00:10  i   50 1.45  1.23  0.93  0.05  0.23 253.C.a
1189373  53.1 -27.8 00:12  i   50 1.88  1.18  1.11  0.14  0.21 253.D.a
1189374  63.6 -24.3 00:14  i   50 1.57  1.07  1.00  0.11  0.28 253.E.a
1189375  66.9 -21.9 00:15  i   50 1.52  1.05  0.97  0.10  0.30 253.F.a
1189376  82.9  -8.7 00:17  z   15 1.34  1.35  0.76 -0.05  0.21 2023dof_P1
1189377  82.9  -8.7 00:18  i   15 1.34  1.39  0.98 -0.15  0.17 2023dof_P1
1189378  82.9  -8.7 00:19  r   15 1.35  1.11  1.66  0.10  0.15 2023dof_P1
1189379  82.9  -8.7 00:19  g   15 1.35  1.63  2.27  0.22  0.04 2023dof_P1
1189380  85.7 -24.3 00:21  r   50 1.19  1.11  1.37  0.15  0.20 257.A.a
1189381  81.9 -24.2 00:22  r   50 1.24  1.03  1.40  0.13  0.23 257.B.a
1189382  91.6 -25.8 00:24  r   50 1.13  1.08  1.33  0.17  0.22 257.C.a
1189383  90.6 -22.7 00:25  r   50 1.16  0.99  1.38  0.17  0.25 257.D.a
1189384  95.0 -25.8 00:26  r   50 1.11  1.07  1.33  0.16  0.22 257.E.a
1189385  94.0 -21.7 00:28  r   50 1.14  1.18  1.40  0.19  0.17 257.F.a
1189386  85.7 -24.3 00:30  i   50 1.22  0.98  0.78 -0.17  0.41 257.A.a
1189387  81.9 -24.2 00:31  i   50 1.28  1.24  0.82 -0.14  0.25 257.B.a
1189388  91.6 -25.8 00:33  i   50 1.16  1.22  0.75 -0.13  0.27 257.C.a
1189389  90.6 -22.7 00:34  i   50 1.18  1.02  0.77 -0.24  0.38 257.D.a
1189390  95.0 -25.8 00:36  i   50 1.13  1.14  0.73 -0.24  0.32 257.E.a
1189391  94.0 -21.7 00:37  i   50 1.16  1.08  0.77 -0.22  0.34 257.F.a
1189392  65.6 -39.4 00:39  z   15 1.56  1.15  0.76  0.12  0.28 2023ctf_P1
1189393  65.6 -39.4 00:40  i   15 1.57  1.27  0.88  0.06  0.22 2023ctf_P1
1189394  65.6 -39.4 00:41  r   15 1.57  1.44  1.46  0.18  0.11 2023ctf_P1
1189395  65.6 -39.4 00:42  g   15 1.58  1.55  2.08  0.25  0.05 2023ctf_P1
1189396  87.7 -34.5 00:43  z   15 1.21  1.04  0.58  0.05  0.41 2023cul_P1
1189397  87.7 -34.5 00:44  i   15 1.21  1.12  0.72 -0.07  0.33 2023cul_P1
1189398  87.7 -34.5 00:45  r   15 1.21  1.41  1.31  0.15  0.13 2023cul_P1
1189399  87.7 -34.5 00:45  g   15 1.21  1.29  1.93  0.18  0.10 2023cul_P1
1189400  90.0 -66.6 00:47  g   80 1.37  1.35  1.92  0.20  0.09 S-CVZ
1189401  90.0 -66.6 00:49  g   80 1.38  1.43  1.92  0.21  0.08 S-CVZ
1189402  90.0 -66.6 00:51  r   70 1.38  1.09  1.27  0.13  0.23 S-CVZ
1189403  90.0 -66.6 00:53  r   70 1.38  1.17  1.28  0.12  0.20 S-CVZ
1189404  90.0 -66.6 00:54  i   90 1.39  1.16  0.72 -0.05  0.31 S-CVZ
1189405  90.0 -66.6 00:56  i   90 1.39  1.13  0.72 -0.06  0.33 S-CVZ
1189406 103.3 -51.1 00:59  g   15 1.15  1.36  1.79  0.15  0.10 2023cum_P1
1189407 103.3 -51.1 01:00  r   15 1.15  1.18  1.19  0.07  0.21 2023cum_P1
1189408 103.3 -51.1 01:01  i   15 1.16  1.68  0.60 -0.27  0.17 2023cum_P1
1189409 116.3 -26.2 01:02  g   96 1.04  1.02  2.01  0.38  0.11 DECaPS-West
1189410 116.3 -26.2 01:04  r   50 1.04  0.95  1.37 -0.35  0.28 DECaPS-West
1189411 116.3 -26.2 01:06  i   30 1.04  0.93  0.70 -0.18  0.49 DECaPS-West
1189412 116.3 -26.2 01:07  z   30 1.04                         DECaPS-West
1189413 116.3 -26.2 01:08  g   96 1.04  1.26  2.02  0.40  0.07 DECaPS-West
1189414 116.3 -26.2 01:10  r   50 1.04  1.06  1.37 -0.34  0.22 DECaPS-West
1189415 116.3 -26.2 01:11  i   30 1.04  1.16  0.71 -0.16  0.31 DECaPS-West
1189416 116.3 -26.2 01:12  z   30 1.05  0.96  0.52 -0.04  0.51 DECaPS-West
1189417 116.3 -26.2 01:13  g   96 1.05                         DECaPS-West
1189418 116.3 -26.2 01:16  r   50 1.05  1.04  1.38 -0.33  0.23 DECaPS-West
1189419 116.3 -26.2 01:17  i   30 1.05  1.12  0.72 -0.16  0.33 DECaPS-West
1189420 116.3 -26.2 01:18  z   30 1.05  1.11  0.54 -0.05  0.37 DECaPS-West
1189421 116.3 -26.2 01:19  g   96 1.05  1.31  2.03  0.40  0.06 DECaPS-West
1189422 116.3 -26.2 01:21  r   50 1.06                         DECaPS-West
1189423 116.3 -26.2 01:22  i   30 1.06  1.09  0.75 -0.18  0.34 DECaPS-West
1189424 116.3 -26.2 01:23  z   30 1.06  1.10  0.56 -0.04  0.37 DECaPS-West
1189425 116.3 -26.2 01:24  g   96 1.06  1.30  2.04  0.39  0.06 DECaPS-West
1189426 116.3 -26.2 01:26  r   50 1.06  1.06  1.40 -0.32  0.21 DECaPS-West
1189427 116.3 -26.2 01:28  i   30 1.07                         DECaPS-West
1189428 116.3 -26.2 01:29  z   30 1.07  0.94  0.58 -0.03  0.50 DECaPS-West
1189429 116.3 -26.2 01:30  g   96 1.07  1.20  2.04  0.39  0.07 DECaPS-West
1189430 116.3 -26.2 01:32  r   50 1.07  1.15  1.41 -0.31  0.18 DECaPS-West
1189431 116.3 -26.2 01:33  i   30 1.07  1.17  0.76 -0.17  0.29 DECaPS-West
1189432 116.3 -26.2 01:34  z   30 1.08                         DECaPS-West
1189433 173.4  24.4 01:37  g   15 2.15  2.16  2.76  0.25  0.02 2023cqz_P1
1189434 173.4  24.4 01:38  r   15 2.15  1.73  2.10  0.19  0.04 2023cqz_P1
1189435 173.4  24.4 01:39  i   15 2.14  1.48  1.41  0.15  0.10 2023cqz_P1
1189436 190.0  14.6 01:40  g   15 2.28  1.91  2.62  0.30  0.02 2023dtz_P1
1189437 190.0  14.6 01:41  r   15 2.28  1.55  1.94  0.12  0.06 2023dtz_P1
1189438 190.0  14.6 01:42  i   15 2.27  1.35  1.29 -0.09  0.14 2023dtz_P1
1189439 150.0   3.1 01:44  g   60 1.20  1.43  2.42  0.15  0.05 COSMOS-1
1189440 150.0   3.1 01:45  r   86 1.20  1.27  1.81  0.07  0.10 COSMOS-1
1189441 150.0   3.1 01:47  i  130 1.20  1.27  1.08 -0.03  0.19 COSMOS-1
1189442 149.2   1.8 01:50  g   60 1.18  1.39  2.39  0.17  0.06 COSMOS-2
1189443 149.2   1.8 01:51  r   86 1.18  1.26  1.79  0.13  0.11 COSMOS-2
1189444 149.2   1.8 01:53  i  130 1.18  1.13  1.07  0.07  0.24 COSMOS-2
1189445 150.8   1.8 01:56  g   60 1.18  1.45  2.38  0.16  0.05 COSMOS-3
1189446 150.8   1.8 01:58  r   86 1.18  1.18  1.76  0.07  0.12 COSMOS-3
1189447 150.8   1.8 01:59  i  130 1.18  1.20  1.04 -0.02  0.22 COSMOS-3
1189448 150.0   3.1 02:02  g   60 1.19  1.38  2.41  0.16  0.06 COSMOS-1
1189449 150.0   3.1 02:04  r   86 1.19  1.35  1.81  0.08  0.09 COSMOS-1
1189450 150.0   3.1 02:06  i  130 1.19  1.21  1.07 -0.04  0.21 COSMOS-1
1189451 149.2   1.8 02:08  g   60 1.18  1.48  2.51  0.21  0.04 COSMOS-2
1189452 149.2   1.8 02:10  r   86 1.18  1.48  1.97  0.16  0.07 COSMOS-2
1189453 149.2   1.8 02:12  i  130 1.18  1.26  1.20 -0.05  0.17 COSMOS-2
1189454 150.8   1.8 02:14  g   60 1.18  1.48  2.37  0.18  0.05 COSMOS-3
1189455 150.8   1.8 02:16  r   86 1.18  1.35  1.77  0.10  0.09 COSMOS-3
1189456 150.8   1.8 02:18  i  130 1.18  1.25  1.05 -0.02  0.20 COSMOS-3
1189457 150.0   3.1 02:21  g   60 1.19  1.53  2.56  0.18  0.04 COSMOS-1
1189458 150.0   3.1 02:22  r   86 1.20  1.21  2.05  0.08  0.09 COSMOS-1
1189459 150.0   3.1 02:24  i  130 1.20  1.21  1.29 -0.03  0.17 COSMOS-1
1189460 149.2   1.8 02:27  g   60 1.18  1.69  2.47  0.21  0.03 COSMOS-2
1189461 149.2   1.8 02:28  r   86 1.18  1.51  1.92  0.15  0.07 COSMOS-2
1189462 149.2   1.8 02:30  i  130 1.18  1.32  1.14 -0.04  0.16 COSMOS-2
1189463 150.8   1.8 02:33  g   60 1.18  1.65  2.41  0.16  0.04 COSMOS-3
1189464 150.8   1.8 02:34  r   86 1.18  1.52  1.84  0.09  0.07 COSMOS-3
1189465 150.8   1.8 02:36  i  130 1.18  1.34  1.08 -0.09  0.17 COSMOS-3
1189466 150.0   3.1 02:39  g   60 1.20  1.47  2.43  0.18  0.05 COSMOS-1
1189467 150.0   3.1 02:41  r   86 1.20  1.37  1.86  0.11  0.08 COSMOS-1
1189468 150.0   3.1 02:42  i  130 1.21  1.25  1.69 -0.03  0.11 COSMOS-1
1189469 149.2   1.8 02:45  g   60 1.19  1.34  2.54  0.18  0.05 COSMOS-2
1189470 149.2   1.8 02:47  r   86 1.19  1.46  2.03  0.12  0.06 COSMOS-2
1189471 149.2   1.8 02:48  i  130 1.19  1.41  1.23 -0.09  0.13 COSMOS-2
1189472 150.8   1.8 02:51  g   60 1.19  1.78  2.45  0.17  0.03 COSMOS-3
1189473 150.8   1.8 02:53  r   86 1.19  1.47  1.92  0.11  0.07 COSMOS-3
1189474 150.8   1.8 02:55  i  130 1.19  1.50  1.15 -0.14  0.12 COSMOS-3
1189475 150.0   3.1 02:57  g   60 1.22  1.40  2.71  0.19  0.04 COSMOS-1
1189476 150.0   3.1 02:59  r   86 1.22  1.44  2.36  0.10  0.05 COSMOS-1
1189477 150.0   3.1 03:01  i  130 1.22  1.38  2.06  0.02  0.06 COSMOS-1
1189478 149.2   1.8 03:03  g   60 1.21  1.53  2.68  0.18  0.04 COSMOS-2
1189479 149.2   1.8 03:05  r   86 1.21  1.40  2.32  0.14  0.05 COSMOS-2
1189480 149.2   1.8 03:07  i  130 1.22  1.22  2.01  0.03  0.09 COSMOS-2
1189481 150.8   1.8 03:09  g   60 1.21  1.36  2.60  0.14  0.05 COSMOS-3
1189482 150.8   1.8 03:11  r   86 1.21  1.35  2.20  0.08  0.06 COSMOS-3
1189483 150.8   1.8 03:13  i  130 1.22  1.34  1.85 -0.01  0.08 COSMOS-3
1189484 150.9   1.6 03:16  g   15 1.22  1.57  2.57  0.14  0.04 2023dyl_P1
1189485 150.9   1.6 03:16  r   15 1.22  1.26  2.17  0.12  0.07 2023dyl_P1
1189486 150.9   1.6 03:17  i   15 1.22  1.22  1.81 -0.08  0.10 2023dyl_P1
1189487 144.6  -9.4 03:18  g   15 1.15  1.33  2.45  0.15  0.06 2023dut_P1
1189488 144.6  -9.4 03:19  r   15 1.15  1.12  2.07  0.08  0.10 2023dut_P1
1189489 144.6  -9.4 03:20  i   15 1.15  1.13  1.85 -0.14  0.12 2023dut_P1
1189490 145.7 -29.5 03:21  r   10 1.06  1.14  1.18  0.07  0.23 2023ed
1189491 145.7 -29.5 03:22  i   10 1.06  1.18  0.54 -0.14  0.35 2023ed
1189492 146.5  -2.8 03:23  g   15 1.21  1.49  2.64  0.16  0.04 2023dxj_P1
1189493 146.5  -2.8 03:24  r   15 1.21  1.33  2.28  0.09  0.06 2023dxj_P1
1189494 146.5  -2.8 03:25  i   15 1.21  1.44  1.83  0.05  0.07 2023dxj_P1
1189495 166.7 -25.0 03:26  g  200 1.00  1.46  1.87  0.00  0.08 OMLApex
1189496 166.7 -25.0 03:30  r  400 1.01  1.27  1.42  0.14  0.15 OMLApex
1189497 166.7 -25.0 03:37  i  360 1.01  1.18  1.47 -0.01  0.15 OMLApex
1189498 166.7 -25.0 03:44  g  200 1.01  1.36  1.84  0.01  0.10 OMLApex
1189499 166.7 -25.0 03:48  r  400 1.01  1.23  1.40  0.10  0.16 OMLApex
1189500 166.7 -25.0 03:55  i  360 1.01  1.20  1.46 -0.04  0.15 OMLApex
1189501 166.7 -25.0 04:01  g  200 1.02  1.46  1.74  0.00  0.09 OMLApex
1189502 166.7 -25.0 04:05  r  400 1.02  1.31  1.02  0.10  0.20 OMLApex
1189503 166.7 -25.0 04:12  i  360 1.03  1.23  0.39  0.08  0.37 OMLApex
1189504 166.7 -25.0 04:19  i  360 1.03  1.25  0.38  0.06  0.37 OMLApex
1189505 166.7 -25.0 04:25  i  360 1.04  1.30  0.39  0.04  0.33 OMLApex
1189506 166.7 -25.0 04:32  g   15 1.05  1.37  1.62  0.14  0.12 2023ebl_P1
1189507 160.0 -28.3 04:33  r   15 1.08  1.10  0.95  0.10  0.30 2023ebl_P1
1189508 160.0 -28.3 04:33  i   15 1.08  0.99  0.34 -0.14  0.60 2023ebl_P1
1189509 158.0 -60.7 04:35  i  100 1.23                         ec0814
1189510 161.3 -61.7 04:38  i  100 1.23                         ec0914
1189511 161.3 -59.7 04:40  i  100 1.21  1.46  0.67  0.42  0.14 ec0915
1189512 161.3 -57.7 04:42  i  100 1.19                         ec0916
1189513 158.2 -58.7 04:44  i  100 1.22  1.53  0.38  0.37  0.18 ec0815
1189514 164.5 -60.7 04:46  i  100 1.21                         ec1014
1189515 164.3 -58.7 04:48  i  100 1.20  2.06  0.35  0.26  0.12 ec1015
1189516 159.7 -17.5 04:52  r   10 1.16  1.42  1.17  0.11  0.15 2022aduk
1189517 159.7 -17.5 04:53  i   10 1.16  1.23  1.07 -0.06  0.20 2022aduk
1189518 178.3 -17.8 04:54  r   10 1.04  1.32  1.11  0.12  0.18 2023bu
1189519 178.3 -17.8 04:55  i   10 1.04  1.29  0.96 -0.15  0.20 2023bu
1189520 173.0 -10.3 04:56  g   15 1.11  1.60  1.68  0.16  0.08 2023dva_P1
1189521 173.0 -10.3 04:56  r   15 1.11  1.40  1.32  0.12  0.13 2023dva_P1
1189522 173.0 -10.3 04:57  i   15 1.11  1.51  1.46 -0.06  0.09 2023dva_P1
1189523 159.8  -7.5 05:00  g   50 1.26  1.66  1.87  0.18  0.06 DESIRT 7151
1189524 159.8  -7.5 05:01  r   70 1.27  1.59  1.56  0.16  0.08 DESIRT 7151
1189525 160.8  -6.0 05:03  g   50 1.28  1.67  1.84  0.19  0.06 DESIRT 7150
1189526 160.8  -6.0 05:04  r   70 1.28  1.40  1.55  0.13  0.11 DESIRT 7150
1189527 161.6  -7.5 05:06  g   50 1.26  1.63  1.75  0.19  0.07 DESIRT 7140
1189528 161.6  -7.5 05:07  r   70 1.27  1.40  1.48  0.17  0.11 DESIRT 7140
1189529 162.6  -6.0 05:09  g   50 1.28  1.45  1.70  0.18  0.10 DESIRT 7139
1189530 162.6  -6.0 05:10  r   70 1.28  1.29  1.43  0.17  0.14 DESIRT 7139
1189531 163.4  -7.4 05:12  g   50 1.26  1.40  1.60  0.18  0.11 DESIRT 7126
1189532 163.4  -7.4 05:13  r   70 1.26  1.38  1.34  0.16  0.13 DESIRT 7126
1189533 164.3  -5.9 05:15  g   50 1.27  1.48  1.54  0.18  0.11 DESIRT 7125
1189534 164.3  -5.9 05:16  r   70 1.28  1.52  1.30  0.19  0.11 DESIRT 7125
1189535 165.2  -7.4 05:18  g   50 1.26  1.82  1.43  0.20  0.08 DESIRT 7109
1189536 165.2  -7.4 05:19  r   70 1.26  1.70  1.19  0.09  0.10 DESIRT 7109
1189537 166.1  -5.8 05:21  g   50 1.27  1.74  1.36  0.18  0.09 DESIRT 7108
1189538 166.1  -5.8 05:22  r   70 1.27  1.50  1.14  0.16  0.14 DESIRT 7108
1189539 167.0  -7.3 05:24  g   50 1.25  1.51  1.23  0.17  0.14 DESIRT 7089
1189540 167.0  -7.3 05:25  r   70 1.26  1.60  1.04  0.07  0.13 DESIRT 7089
1189541 167.9  -5.8 05:27  g   50 1.27  1.74  1.15  0.19  0.11 DESIRT 7088
1189542 167.9  -5.8 05:28  r   70 1.27  1.65  0.97  0.12  0.13 DESIRT 7088
1189543 168.8  -7.2 05:30  g   50 1.25  1.91  1.02  0.18  0.11 DESIRT 7066
1189544 168.8  -7.2 05:31  r   70 1.25  1.58  0.84  0.13  0.16 DESIRT 7066
1189545 175.0  15.4 05:34  g    5 1.61  2.14  1.06  0.25  0.07 2023clx
1189546 175.0  15.4 05:34  r    5 1.61  2.48  0.88  0.17  0.06 2023clx
1189547 175.0  15.4 05:35  i    5 1.62  1.66  0.51  0.06  0.18 2023clx
1189548 175.0  15.4 05:35  z    5 1.62  1.46  0.32  0.15  0.26 2023clx
1189549 186.3  14.5 05:36  g   50 1.46  1.98  0.82  0.20  0.12 525.A.a
1189550 175.0  15.4 05:38  g    5 1.63  1.81  0.90  0.25  0.12 2023clx
1189551 175.0  15.4 05:39  r    5 1.63  1.47  0.77  0.11  0.20 2023clx
1189552 188.5  14.5 05:40  g   50 1.45  1.69  0.68  0.19  0.18 525.A.b
1189553 189.3   9.8 05:41  g   50 1.34  2.62  0.63  0.21  0.08 525.B.a
1189554 175.0  15.4 05:43  i    5 1.65  3.65  0.38  0.48  0.03 2023clx
1189555 186.9   9.9 05:44  g   50 1.37  2.69  0.57  0.28  0.07 525.B.b
1189556 175.0  15.4 05:46  z    5 1.67  2.67  0.26  0.34  0.06 2023clx
1189557 184.5   9.7 05:47  g   50 1.39  2.26  0.54  0.22  0.11 525.C.a
1189558 191.5  12.2 05:49  g   50 1.39  2.40  0.48  0.19  0.11 525.C.b
1189559 183.2  12.4 05:51  g   50 1.47  2.34  0.51  0.21  0.11 525.D.a
1189560 185.4  12.4 05:52  g   50 1.45  1.39  0.48  0.18  0.33 525.D.b
1189561 186.6  12.3 05:54  g   50 1.44  2.34  0.47  0.22  0.11 525.E.a
1189562 184.8   6.1 05:55  g   50 1.33  2.37  0.50  0.12  0.11 525.F.a
1189563 189.0  12.1 05:57  g   50 1.42  2.43  0.44  0.22  0.11 525.E.b
1189564 187.8   7.2 05:58  g   50 1.33  2.39  0.44  0.22  0.11 525.F.b
1189565 186.3  14.5 06:00  i   50 1.52  3.07  0.14  0.03  0.08 525.A.a
1189566 188.5  14.5 06:01  i   50 1.50  1.66  0.13  0.03  0.26 525.A.b
1189567 189.3   9.8 06:02  i   50 1.38  1.77  0.06  0.01  0.24 525.B.a
1189568 184.5   9.7 06:04  i   50 1.43  1.78  0.10  0.02  0.23 525.C.a
1189569 186.9   9.9 06:05  i   50 1.41  2.13  0.10  0.08  0.16 525.B.b
1189570 191.5  12.2 06:07  i   50 1.42  1.66  0.10  0.03  0.27 525.C.b
1189571 186.6  12.3 06:08  i   50 1.48  1.69  0.12  0.06  0.25 525.E.a
1189572 183.2  12.4 06:09  i   50 1.54  1.93  0.16  0.04  0.19 525.D.a
1189573 185.4  12.4 06:11  i   50 1.51  2.15  0.15  0.05  0.15 525.D.b
1189574 189.0  12.1 06:12  i   50 1.46  1.90  0.13 -0.02  0.20 525.E.b
1189575 187.8   7.2 06:14  i   50 1.37  1.85  0.07  0.01  0.22 525.F.b
1189576 184.8   6.1 06:15  i   50 1.39  1.90  0.08  0.02  0.21 525.F.a
1189577 189.3   7.1 06:16  r   70 1.36  2.08  0.40  0.13  0.14 DESIRT 9684
1189578 189.3   7.1 06:18  g   50 1.37  2.59  0.44  0.27  0.09 DESIRT 9684
1189579 191.2   7.2 06:19  r   70 1.35  1.92  0.40  0.14  0.16 DESIRT 9706
1189580 191.2   7.2 06:21  g   50 1.36  2.30  0.46  0.28  0.11 DESIRT 9706
1189581 196.6   7.4 07:25  r   70 1.51  2.05  0.74  0.14  0.11 DESIRT 9766
1189582 194.8   7.4 07:27  r   70 1.55  1.76  0.77  0.17  0.14 DESIRT 9749
1189583 193.0   7.3 07:28  r   70 1.59  1.87  0.80  0.23  0.11 DESIRT 9729
1189584 194.8   7.4 07:30  g   50 1.56  1.96  0.59  0.27  0.13 DESIRT 9749
1189585 193.0   7.3 07:31  g   50 1.61  2.12  0.61  0.26  0.11 DESIRT 9729
1189586 196.6   7.4 07:33  g   50 1.54  2.10  0.57  0.24  0.12 DESIRT 9766
1189587 193.9   5.8 07:34  r   70 1.57  2.46  0.80  0.22  0.07 DESIRT 9748
1189588 197.4   6.0 07:36  r   70 1.51  3.69  0.78  0.55  0.02 DESIRT 9779
1189589 195.7   5.9 07:37  g   50 1.55  2.70  0.60  0.30  0.06 DESIRT 9765
1189590 195.7   5.9 07:51  r   70 1.63  1.57  0.84  0.08  0.16 DESIRT 9765
1189591 197.4   6.0 07:53  g   50 1.60  1.68  0.61  0.22  0.19 DESIRT 9779
1189592 193.9   5.8 07:54  g   50 1.70  1.93  0.66  0.26  0.13 DESIRT 9748
1189593 192.1   5.8 07:55  r   70 1.76  1.53  0.94  0.17  0.16 DESIRT 9728
1189594 190.2   5.7 07:57  r   70 1.84  1.35  0.96  0.13  0.20 DESIRT 9705
1189595 190.2   5.7 07:59  g   50 1.85  1.79  0.73  0.28  0.14 DESIRT 9705
1189596 192.1   5.8 08:00  g   50 1.80  1.80  0.72  0.24  0.15 DESIRT 9728
1189597 220.5   8.0 08:03  g   50 1.34  2.04  0.43  0.19  0.16 DESIRT 1149
1189598 220.5   8.0 08:04  z  110 1.34  1.33  0.17  0.00  0.37 DESIRT 1149
1189599 222.1   8.0 08:06  g   50 1.33  1.36  0.40  0.19  0.37 DESIRT 1136
1189600 222.1   8.0 08:08  z  110 1.33  1.26  0.18  0.01  0.40 DESIRT 1136
1189601 223.8   8.0 08:10  g   50 1.33  1.91  0.40  0.21  0.18 DESIRT 1124
1189602 223.8   8.0 08:11  z  110 1.33  1.53  0.22  0.02  0.26 DESIRT 1124
1189603 225.5   8.0 08:14  g   50 1.32  1.80  0.39  0.19  0.21 DESIRT 1114
1189604 225.5   8.0 08:15  z  110 1.32  1.46  0.29  0.01  0.27 DESIRT 1114
1189605 227.1   8.0 08:17  g   50 1.32  1.73  0.39  0.21  0.23 DESIRT 1105
1189606 227.1   8.0 08:19  z  110 1.32  1.52  0.29 -0.04  0.25 DESIRT 1105
1189607 228.8   8.0 08:21  g   50 1.31  1.53  0.37  0.19  0.30 DESIRT 70
1189608 221.2   9.8 08:23  g   15 1.42  1.79  0.41  0.21  0.21 2023dxk_P1
1189609 221.2   9.8 08:23  r   15 1.42  1.61  0.58  0.16  0.20 2023dxk_P1
1189610 221.2   9.8 08:24  i   15 1.42  1.39  0.31  0.00  0.32 2023dxk_P1
1189611 221.2   9.8 08:25  z   15 1.42  1.30  0.33  0.03  0.33 2023dxk_P1
1189612 223.8   6.7 08:25  g   50 1.33  1.48  0.43  0.20  0.30 531.A.2021jvs
1189613 227.5  13.3 08:27  g   50 1.45  1.83  0.42  0.24  0.19 531.B.a
1189614 230.7  10.2 08:29  g   50 1.35  1.83  0.40  0.32  0.16 531.C.a
1189615 230.7  13.3 08:30  g   50 1.43  2.16  0.42  0.23  0.14 531.D.a
1189616 235.0  10.2 08:32  g   50 1.33  2.09  0.39  0.22  0.15 531.E.a
1189617 233.8  13.3 08:33  g   50 1.41  1.77  0.39  0.23  0.21 531.F.a
1189618 223.8   6.7 08:35  r   50 1.36  1.59  0.51  0.15  0.22 531.A.2021jvs
1189619 227.5  13.3 08:36  r   50 1.47  1.74  0.53  0.16  0.18 531.B.a
1189620 230.7  10.2 08:38  r   50 1.37  2.00  0.48  0.14  0.14 531.C.a
1189621 230.7  13.3 08:39  r   50 1.44  1.79  0.50  0.19  0.17 531.D.a
1189622 235.0  10.2 08:40  r   50 1.35  1.59  0.46  0.13  0.23 531.E.a
1189623 233.8  13.3 08:42  r   50 1.42  1.71  0.48  0.19  0.19 531.F.a
1189624 231.1  22.4 08:44  g   50 1.74  2.33  0.50  0.27  0.10 583.2021kpu.a
1189625 236.4  17.4 08:45  g   50 1.52  2.00  0.43  0.22  0.16 583.A.a
1189626 236.4  20.5 08:47  g   50 1.62  2.38  0.44  0.35  0.09 583.B.a
1189627 239.7  20.5 08:48  g   50 1.60  1.81  0.43  0.27  0.18 583.C.a
1189628 235.5  13.9 08:50  g   50 1.44  1.77  0.43  0.22  0.20 583.E.a
1189629 245.4  20.5 08:52  g   50 1.58  1.97  0.43  0.10  0.17 583.F.a
1189630 231.1  22.4 08:54  r   50 1.78  1.86  0.59  0.20  0.15 583.2021kpu.a
1189631 236.4  17.4 08:55  r   50 1.54  1.58  0.49  0.13  0.22 583.A.a
1189632 236.4  20.5 08:57  r   50 1.65  1.43  0.54  0.20  0.26 583.B.a
1189633 239.7  20.5 08:58  r   50 1.62  1.49  0.51  0.14  0.25 583.C.a
1189634 235.5  13.9 09:00  r   50 1.46  1.26  0.46  0.09  0.36 583.E.a
1189635 245.4  20.5 09:02  r   50 1.59  1.50  0.51  0.19  0.24 583.F.a
1189636 210.7  -6.5 09:04  g   50 1.45  1.90  0.61  0.27  0.14 376.A.2021pfs
1189637 270.9 -29.5 09:08  g   96 1.03                         DECaPS-East
1189638 270.9 -29.5 09:10  r   50 1.03                         DECaPS-East
1189639 270.9 -29.5 09:11  i   30 1.03                         DECaPS-East
1189640 270.9 -29.5 09:12  z   30 1.03                         DECaPS-East
1189641 270.9 -29.5 09:13  g   96 1.03                         DECaPS-East
1189642 270.9 -29.5 09:15  r   50 1.03                         DECaPS-East
1189643 270.9 -29.5 09:17  i   30 1.02                         DECaPS-East
1189644 270.9 -29.5 09:18  z   30 1.02                         DECaPS-East
1189645 270.9 -29.5 09:19  g   96 1.02                         DECaPS-East
1189646 270.9 -29.5 09:21  r   50 1.02                         DECaPS-East
1189647 270.9 -29.5 09:22  i   30 1.02                         DECaPS-East
1189648 270.9 -29.5 09:23  z   30 1.02                         DECaPS-East
1189649 270.9 -29.5 09:24  g   96 1.02                         DECaPS-East
1189650 270.9 -29.5 09:26  r   50 1.02                         DECaPS-East
1189651 270.9 -29.5 09:28  i   30 1.02                         DECaPS-East
1189652 270.9 -29.5 09:28  z   30 1.02                         DECaPS-East
1189653 270.9 -29.5 09:29  g   96 1.01                         DECaPS-East
1189654 270.9 -29.5 09:32  r   50 1.01                         DECaPS-East
1189655 270.9 -29.5 09:33  i   30 1.01                         DECaPS-East
1189656 270.9 -29.5 09:34  z   30 1.01                         DECaPS-East
1189657 270.9 -29.5 09:35  g   96 1.01                         DECaPS-East
1189658 270.9 -29.5 09:37  r   50 1.01                         DECaPS-East
1189659 270.9 -29.5 09:38  i   30 1.01                         DECaPS-East
1189660 270.9 -29.5 09:39  z   30 1.01                         DECaPS-East
1189661 311.0  -4.2 09:42  g   50 1.63  1.43  1.27  0.21  0.15 440.A.a
1189662 311.0  -0.5 09:43  g   50 1.70  1.61  1.34  0.23  0.10 440.B.a
1189663 314.1  -4.2 09:44  g   50 1.70  1.67  1.55  0.22  0.08 440.C.a
1189664 314.8  -0.9 09:46  g   50 1.80  1.98  1.70  0.22  0.05 440.D.a
1189665 317.2  -4.2 09:47  g   50 1.79  1.88  1.93  0.22  0.05 440.E.a
1189666 317.9  -0.9 09:49  g   50 1.90  1.91  2.15  0.27  0.03 440.F.a
1189667 311.0  -4.2 09:50  i   50 1.57  1.21  2.11 -0.21  0.08 440.A.a
1189668 311.0  -0.5 09:52  i   50 1.64  1.33  2.41 -0.14  0.05 440.B.a
1189669 333.8 -10.0 09:54  r   35 2.43  1.69  4.29  0.21  0.01 twilight1
1189670 333.0  -8.0 09:55  r   35 2.44  1.80  4.53  0.22  0.00 twilight2
1189671 332.3  -6.0 09:57  r   30 2.44  2.58  4.86  0.51  0.00 twilight3
1189672 333.8 -10.0 09:58  r   35 2.36  2.27  5.06  0.54  0.00 twilight1
1189673 333.0  -8.0 09:59  r   35 2.37  2.04  5.34  0.51  0.00 twilight2
1189674 332.3  -6.0 10:00  r   30 2.38  2.02  5.59  0.33  0.00 twilight3
MJD = 60034 (Mar 30/Mar 31)